2 0.896842 0.680000 0.098947 0.105263
0 0.708421 0.938947 0.101053 0.105263
0 0.922105 0.090526 0.048421 0.050526
0 0.665263 0.056842 0.052632 0.054737
0 0.556842 0.325263 0.067368 0.056842
0 0.490526 0.368421 0.065263 0.071579
0 0.238947 0.597895 0.080000 0.101053
0 0.395789 0.929474 0.124211 0.120000
0 0.358947 0.720000 0.084211 0.109474
0 0.341053 0.380000 0.052632 0.061053
0 0.455789 0.157895 0.063158 0.067368
0 0.578947 0.150526 0.056842 0.052632
0 0.502105 0.049474 0.042105 0.040000
0 0.181053 0.070526 0.048421 0.040000
0 0.842105 0.032632 0.048421 0.048421
4 0.090526 0.518947 0.052632 0.111579
4 0.514737 0.548421 0.058947 0.077895
4 0.762105 0.474737 0.048421 0.069474
4 0.317895 0.305263 0.061053 0.063158
4 0.228421 0.651579 0.080000 0.073684
4 0.701053 0.352632 0.048421 0.048421
4 0.597895 0.424211 0.065263 0.065263