0 0.139160 0.548316 0.069336 0.092240
0 0.428711 0.308931 0.064453 0.067350
0 0.469727 0.407028 0.064453 0.073206
0 0.442871 0.580527 0.059570 0.080527
0 0.790527 0.628111 0.065430 0.064422
2 0.168945 0.372621 0.060547 0.077599
2 0.471680 0.153001 0.056641 0.071742
2 0.172852 0.221083 0.054688 0.067350
2 0.807617 0.294290 0.062500 0.064422
2 0.704102 0.423865 0.060547 0.077599
2 0.105469 0.090776 0.054688 0.070278
0 0.741699 0.055637 0.065430 0.064422
0 0.820801 0.169839 0.065430 0.064422
4 0.422363 0.763543 0.047852 0.062958
4 0.417969 0.434846 0.041016 0.058565
4 0.928711 0.062958 0.042969 0.076135
4 0.151855 0.811859 0.047852 0.062958
4 0.481934 0.762079 0.047852 0.062958
4 0.811035 0.893851 0.047852 0.062958
4 0.435059 0.050512 0.038086 0.051245
4 0.205566 0.044656 0.038086 0.051245
4 0.891113 0.434114 0.038086 0.051245
