4 0.422000 0.524911 0.066000 0.088968
0 0.546500 0.387011 0.079000 0.119217
0 0.396500 0.242883 0.079000 0.119217
0 0.728500 0.153915 0.079000 0.119217
0 0.647500 0.153915 0.079000 0.119217
0 0.511500 0.250890 0.079000 0.117438
0 0.841500 0.193950 0.079000 0.117438
0 0.159500 0.085409 0.079000 0.117438
0 0.053500 0.123665 0.059000 0.087189
2 0.230500 0.120996 0.041000 0.067616
4 0.879000 0.636121 0.050000 0.058719
4 0.703500 0.608541 0.051000 0.078292
4 0.500500 0.544484 0.051000 0.078292
4 0.766500 0.620996 0.051000 0.078292
0 0.411500 0.066726 0.065000 0.090747
