0 0.740132 0.466729 0.078947 0.135855
0 0.513158 0.469502 0.069079 0.130310
0 0.087993 0.448708 0.064145 0.121992
0 0.282895 0.457025 0.075658 0.105357
0 0.704770 0.872909 0.103618 0.155263
0 0.967928 0.892317 0.064145 0.166353
0 0.722862 0.116001 0.064145 0.094267
0 0.146382 0.038593 0.062500 0.077185
4 0.619243 0.303148 0.047697 0.113675
4 0.456414 0.311466 0.041118 0.102585
4 0.833882 0.579018 0.072368 0.105357
4 0.726151 0.598426 0.044408 0.138628
4 0.162829 0.806367 0.055921 0.066541
4 0.215461 0.296217 0.069079 0.094267
4 0.082237 0.322556 0.065789 0.080404
4 0.804276 0.307307 0.065789 0.088722
0 0.767270 0.948931 0.126645 0.102138