0 0.074707 0.245660 0.120117 0.217014
0 0.072754 0.242188 0.120117 0.217014
0 0.531250 0.248264 0.066406 0.152778
0 0.350586 0.381944 0.091797 0.166667
4 0.127441 0.651910 0.102539 0.151042
4 0.395020 0.555556 0.077148 0.125000
4 0.607422 0.375868 0.054688 0.098958
4 0.816895 0.358507 0.047852 0.095486
4 0.243652 0.401042 0.055664 0.118056
4 0.784668 0.318576 0.049805 0.081597
2 0.214844 0.273438 0.064453 0.130208
2 0.645020 0.244792 0.057617 0.111111
2 0.723633 0.246528 0.048828 0.097222
2 0.793457 0.251736 0.057617 0.090278
