0 0.858754 0.150763 0.074114 0.148855
0 0.651450 0.602099 0.076262 0.150763
0 0.089689 0.466603 0.076262 0.150763
0 0.176692 0.640267 0.076262 0.150763
0 0.109023 0.218511 0.076262 0.150763
0 0.248657 0.178435 0.076262 0.150763
0 0.350698 0.138359 0.076262 0.150763
0 0.653598 0.355916 0.076262 0.150763
3 0.452739 0.812023 0.099893 0.127863
4 0.530075 0.415076 0.059076 0.101145
4 0.207304 0.406489 0.058002 0.125954
4 0.325994 0.569656 0.059076 0.101145
4 0.781418 0.275763 0.059076 0.101145
4 0.153598 0.332061 0.058002 0.125954
4 0.300215 0.451336 0.059076 0.101145
4 0.737379 0.642176 0.059076 0.101145
4 0.674544 0.750954 0.083781 0.104962
