0 0.357730 0.244399 0.034539 0.088905
0 0.707237 0.644470 0.046053 0.088905
0 0.523849 0.675340 0.057566 0.066679
0 0.349507 0.592609 0.054276 0.069148
0 0.630757 0.239460 0.044408 0.088905
0 0.926809 0.265390 0.064145 0.076557
0 0.681743 0.283912 0.041118 0.064209
0 0.424342 0.280208 0.049342 0.081496
0 0.517270 0.229582 0.057566 0.064209
0 0.263980 0.202416 0.044408 0.059270
0 0.178454 0.504939 0.047697 0.091374
0 0.053454 0.340712 0.074013 0.093844
0 0.112664 0.209825 0.057566 0.083966
0 0.445724 0.101164 0.052632 0.083966
0 0.556743 0.130799 0.044408 0.074087
0 0.805921 0.160433 0.055921 0.064209
0 0.152138 0.180190 0.031250 0.083966
0 0.216283 0.212295 0.041118 0.088905
4 0.875822 0.918593 0.070724 0.083966
4 0.593750 0.718557 0.049342 0.098783
4 0.492599 0.790175 0.060855 0.069148
4 0.354441 0.718557 0.064145 0.064209
4 0.074013 0.909949 0.055921 0.086435
4 0.379934 0.328365 0.026316 0.098783
4 0.236842 0.327130 0.062500 0.086435
4 0.129112 0.302434 0.057566 0.091374
4 0.786184 0.303669 0.059211 0.098783
4 0.731086 0.345652 0.034539 0.093844
4 0.647204 0.369113 0.031250 0.086435
4 0.053454 0.401217 0.057566 0.081496