4 0.649000 0.654423 0.034000 0.058471
4 0.127000 0.662669 0.036000 0.038981
4 0.751000 0.650675 0.038000 0.038981
4 0.791000 0.609445 0.034000 0.058471
0 0.395500 0.361319 0.053000 0.068966
0 0.647500 0.268366 0.053000 0.068966
0 0.411500 0.242879 0.053000 0.068966
0 0.835500 0.289355 0.053000 0.068966
0 0.550500 0.206897 0.053000 0.068966
0 0.905000 0.308096 0.046000 0.070465
0 0.708500 0.293853 0.053000 0.068966
0 0.080500 0.275862 0.053000 0.068966
0 0.156500 0.307346 0.053000 0.068966
0 0.277500 0.247376 0.053000 0.068966
0 0.599500 0.215142 0.041000 0.064468
4 0.445000 0.520990 0.034000 0.058471
