0 0.550417 0.562500 0.135833 0.172500
0 0.813333 0.198125 0.105000 0.156250
0 0.294167 0.376875 0.075000 0.203750
0 0.587917 0.266250 0.094167 0.167500
0 0.475417 0.235625 0.064167 0.188750
0 0.650000 0.126875 0.063333 0.138750
0 0.159167 0.296875 0.065000 0.191250
3 0.104167 0.824375 0.071667 0.116250
3 0.423750 0.640000 0.089167 0.105000
3 0.387917 0.903750 0.084167 0.100000
3 0.195000 0.771875 0.103333 0.116250
3 0.462083 0.398750 0.080833 0.100000
3 0.362917 0.620000 0.067500 0.112500
4 0.538750 0.943750 0.080833 0.080000
4 0.487083 0.966250 0.047500 0.067500
4 0.946250 0.108750 0.060833 0.132500
0 0.422500 0.096250 0.051667 0.115000
0 0.711667 0.155625 0.060000 0.121250
