0 0.605263 0.765040 0.101974 0.156052
0 0.228618 0.599081 0.062500 0.126328
0 0.166941 0.595365 0.057566 0.084218
0 0.758224 0.653575 0.059211 0.106512
0 0.671053 0.545825 0.062500 0.084218
0 0.536184 0.506193 0.046053 0.074310
0 0.499178 0.622612 0.090461 0.064402
0 0.520559 0.740270 0.050987 0.101558
0 0.893914 0.573072 0.080592 0.084218
0 0.952303 0.566879 0.052632 0.071833
0 0.601974 0.480184 0.026316 0.061925
0 0.381579 0.668437 0.052632 0.086695
2 0.321546 0.607750 0.037829 0.079264
2 0.936678 0.798480 0.064145 0.084218
0 0.184211 0.486376 0.046053 0.064402
0 0.831414 0.519816 0.054276 0.096604
0 0.038651 0.439313 0.047697 0.084218
0 0.291118 0.545825 0.042763 0.089172
0 0.074836 0.797242 0.074013 0.151098
4 0.349507 0.353856 0.037829 0.071833