0 0.417385 0.363128 0.076149 0.167598
0 0.107040 0.583799 0.076149 0.167598
0 0.422414 0.888268 0.117816 0.217877
0 0.796695 0.677374 0.104885 0.175978
0 0.323994 0.583799 0.079023 0.189944
0 0.334770 0.230447 0.077586 0.170391
0 0.267241 0.914804 0.077586 0.170391
0 0.959770 0.448324 0.080460 0.192737
0 0.762931 0.410615 0.068966 0.156425
0 0.604167 0.321229 0.067529 0.178771
0 0.535201 0.361732 0.070402 0.153631
0 0.216236 0.518156 0.067529 0.170391
0 0.665948 0.136872 0.064655 0.162011
0 0.927443 0.198324 0.056034 0.150838
0 0.849856 0.363128 0.056034 0.150838
0 0.066810 0.269553 0.064655 0.159218
0 0.125718 0.115922 0.064655 0.159218
0 0.625718 0.576816 0.067529 0.181564
0 0.568966 0.747207 0.091954 0.159218
0 0.942529 0.872905 0.114943 0.254190
2 0.535920 0.096369 0.051724 0.092179
