4 0.729375 0.483675 0.040000 0.064366
4 0.545000 0.596549 0.043750 0.053172
4 0.677500 0.613340 0.040000 0.064366
0 0.685625 0.144123 0.066250 0.094216
0 0.243750 0.224347 0.066250 0.094216
0 0.966875 0.146922 0.066250 0.094216
0 0.773750 0.220616 0.066250 0.094216
0 0.560000 0.172108 0.066250 0.094216
0 0.434375 0.127332 0.066250 0.094216
0 0.628750 0.378265 0.066250 0.094216
0 0.482500 0.162313 0.042500 0.078358
0 0.835313 0.226679 0.046875 0.070896
0 0.885000 0.240205 0.061250 0.073694
0 0.338750 0.242071 0.066250 0.094216
0 0.133750 0.207556 0.066250 0.094216
0 0.905000 0.176306 0.051250 0.070896
