2 0.365234 0.667643 0.031250 0.081991
2 0.570312 0.964861 0.048828 0.070278
2 0.042480 0.720351 0.041992 0.093704
0 0.098633 0.722548 0.050781 0.074671
0 0.527344 0.783309 0.052734 0.090776
0 0.596680 0.584187 0.041016 0.052709
0 0.261719 0.751830 0.046875 0.057101
0 0.414062 0.672767 0.039062 0.068814
0 0.457520 0.630307 0.047852 0.071742
0 0.502930 0.690337 0.052734 0.086384
0 0.354492 0.581259 0.044922 0.049780
0 0.319824 0.702050 0.041992 0.057101
0 0.548340 0.601025 0.041992 0.054173
2 0.325195 0.574671 0.048828 0.057101
