0 0.288095 0.524112 0.138095 0.157360
0 0.543333 0.447970 0.079048 0.093909
0 0.826190 0.449873 0.065714 0.095178
0 0.446190 0.451777 0.054286 0.073604
0 0.050476 0.588198 0.083810 0.120558
0 0.990476 0.460025 0.019048 0.074873
0 0.082857 0.421954 0.053333 0.062183
0 0.581905 0.348350 0.034286 0.031726
0 0.231905 0.361041 0.031429 0.046954
0 0.748571 0.437817 0.024762 0.043147
0 0.198095 0.430838 0.036190 0.054569
0 0.400000 0.392132 0.022857 0.048223
0 0.171905 0.350254 0.031429 0.050761
0 0.700476 0.392766 0.031429 0.046954
0 0.894762 0.400381 0.029524 0.044416
0 0.700476 0.344543 0.021905 0.026650
0 0.121905 0.386421 0.036190 0.041878
0 0.293333 0.359137 0.036190 0.038071
4 0.666190 0.782360 0.046667 0.049492
4 0.594762 0.619289 0.058095 0.068528
4 0.795714 0.663071 0.054286 0.062183
4 0.242381 0.962563 0.065714 0.072335
4 0.662857 0.526650 0.020952 0.032995
