4 0.341429 0.203571 0.086667 0.141429
0 0.764286 0.270000 0.052381 0.085714
0 0.202857 0.250000 0.032381 0.071429
0 0.418571 0.310000 0.052381 0.085714
0 0.147143 0.287143 0.052381 0.085714
0 0.083333 0.310000 0.052381 0.085714
0 0.693810 0.319286 0.044762 0.064286
0 0.853810 0.328571 0.052381 0.085714
0 0.939524 0.312857 0.052381 0.085714
0 0.270952 0.331429 0.052381 0.085714
0 0.606190 0.244286 0.052381 0.085714
0 0.504286 0.242857 0.090476 0.154286
4 0.018571 0.243571 0.035238 0.078571
4 0.098095 0.388571 0.055238 0.060000
4 0.235714 0.347143 0.046667 0.082857
