0 0.307500 0.225632 0.062500 0.104693
0 0.035000 0.232852 0.062500 0.104693
0 0.832500 0.329422 0.062500 0.095668
0 0.911250 0.262635 0.062500 0.095668
0 0.755000 0.241877 0.052500 0.093863
0 0.616250 0.228339 0.050000 0.088448
0 0.571250 0.308664 0.057500 0.083032
0 0.241250 0.229242 0.047500 0.068592
0 0.091250 0.276173 0.047500 0.068592
0 0.398750 0.276173 0.047500 0.068592
0 0.468750 0.272563 0.047500 0.068592
0 0.718750 0.229242 0.047500 0.068592
4 0.404375 0.572202 0.051250 0.079422
4 0.049375 0.375451 0.051250 0.079422
4 0.224375 0.569495 0.043750 0.063177
4 0.415625 0.356498 0.043750 0.063177
4 0.841875 0.457581 0.043750 0.063177
