4 0.337500 0.411905 0.237500 0.340476
4 0.492857 0.047024 0.119643 0.091667
4 0.035714 0.454762 0.069643 0.223810
4 0.779911 0.032738 0.131250 0.063095
4 0.168304 0.141667 0.231250 0.280952
4 0.037946 0.829762 0.074107 0.340476
4 0.558036 0.686310 0.153571 0.313095
2 0.579018 0.251190 0.161607 0.304762
2 0.784821 0.173214 0.103571 0.177381
2 0.180804 0.539286 0.156250 0.278571
2 0.890179 0.191667 0.130357 0.221429
2 0.901339 0.443452 0.136607 0.186905
2 0.826339 0.723214 0.156250 0.244048
2 0.032589 0.100595 0.063393 0.198810
2 0.571875 0.255952 0.161607 0.304762
2 0.416964 0.058929 0.107143 0.115476
2 0.358482 0.196429 0.093750 0.185714
2 0.795536 0.161310 0.080357 0.146429
2 0.698214 0.205952 0.091071 0.171429
2 0.465625 0.166667 0.104464 0.140476
