2 0.413333 0.259167 0.076667 0.118333
2 0.535000 0.232500 0.071667 0.135000
0 0.933333 0.250000 0.091667 0.120000
0 0.137083 0.311667 0.049167 0.100000
0 0.751250 0.342500 0.045833 0.105000
0 0.222083 0.260833 0.069167 0.115000
0 0.838333 0.365833 0.075000 0.115000
0 0.059167 0.306667 0.091667 0.120000
4 0.070417 0.533333 0.050833 0.123333
4 0.715417 0.465000 0.042500 0.113333
4 0.913750 0.490000 0.050833 0.123333
4 0.122083 0.523333 0.050833 0.123333
4 0.582083 0.518333 0.050833 0.123333
4 0.413750 0.610000 0.050833 0.123333
4 0.259167 0.334167 0.048333 0.068333
4 0.828333 0.459167 0.040000 0.071667
4 0.187500 0.490000 0.050000 0.080000
4 0.645000 0.363333 0.050000 0.080000
0 0.661250 0.273333 0.057500 0.096667
