0 0.944676 0.242450 0.060543 0.115772
0 0.238518 0.348993 0.059499 0.104027
0 0.694154 0.282718 0.062630 0.102349
0 0.392484 0.312919 0.060543 0.115772
0 0.449374 0.234060 0.063674 0.102349
0 0.572025 0.254195 0.060543 0.115772
0 0.312109 0.307886 0.060543 0.115772
0 0.108559 0.255872 0.060543 0.115772
0 0.513570 0.287752 0.060543 0.115772
0 0.840292 0.252517 0.060543 0.115772
0 0.044885 0.266779 0.056367 0.117450
0 0.274530 0.152685 0.056367 0.104027
0 0.344468 0.190436 0.060543 0.102349
4 0.845511 0.668624 0.050104 0.088926
4 0.811065 0.604866 0.050104 0.088926
4 0.294363 0.656879 0.050104 0.088926
4 0.485908 0.645973 0.053236 0.107383
4 0.327766 0.646812 0.050104 0.088926
4 0.096033 0.636745 0.050104 0.088926
