0 0.731771 0.597685 0.038542 0.073148
0 0.631510 0.411574 0.038021 0.056481
0 0.017448 0.518056 0.033854 0.067593
0 0.275000 0.691204 0.038542 0.073148
0 0.563021 0.380093 0.038542 0.073148
0 0.340104 0.894907 0.038542 0.073148
0 0.630208 0.884722 0.038542 0.073148
0 0.493750 0.667130 0.038542 0.073148
0 0.948958 0.947685 0.038542 0.073148
0 0.675521 0.958796 0.038542 0.073148
0 0.750521 0.487500 0.038542 0.073148
0 0.982292 0.675463 0.034375 0.067593
0 0.982812 0.908796 0.034375 0.067593
0 0.856250 0.301389 0.034375 0.067593
0 0.566146 0.036574 0.034375 0.067593
0 0.076563 0.805093 0.034375 0.067593
0 0.625000 0.578241 0.034375 0.067593
0 0.764583 0.420833 0.034375 0.067593
0 0.665104 0.273611 0.038542 0.073148
0 0.587500 0.268981 0.038542 0.073148
0 0.518750 0.493056 0.038542 0.073148
0 0.134896 0.403241 0.038542 0.073148
0 0.533854 0.208796 0.038542 0.073148
0 0.450521 0.456019 0.038542 0.073148
0 0.362500 0.371759 0.038542 0.073148
0 0.471354 0.315278 0.038542 0.073148
0 0.510417 0.371759 0.038542 0.073148
0 0.810937 0.219907 0.038542 0.073148
0 0.399479 0.792130 0.038542 0.073148
0 0.422396 0.813426 0.038542 0.073148
0 0.271354 0.404167 0.038542 0.073148
0 0.922396 0.381019 0.038542 0.073148
0 0.390625 0.705093 0.038542 0.073148
0 0.380208 0.270833 0.038542 0.073148
0 0.864583 0.117130 0.038542 0.073148
0 0.132292 0.518981 0.038542 0.073148
0 0.071875 0.499537 0.038542 0.073148
2 0.148698 0.277315 0.027604 0.069444
2 0.113802 0.619907 0.027604 0.069444
2 0.166406 0.721759 0.027604 0.069444
0 0.379688 0.497685 0.038542 0.073148
2 0.363802 0.200463 0.027604 0.069444
2 0.319531 0.240278 0.027604 0.069444
2 0.280469 0.272685 0.027604 0.069444
2 0.221615 0.220833 0.027604 0.069444
0 0.092188 0.159722 0.038542 0.073148
0 0.520833 0.078241 0.038542 0.073148
0 0.451042 0.037500 0.038542 0.073148
0 0.417708 0.156481 0.035417 0.055556
0 0.308854 0.052315 0.032292 0.067593
0 0.273177 0.090278 0.038021 0.060185
