0 0.899698 0.499104 0.067540 0.116487
0 0.073085 0.285842 0.057460 0.080645
0 0.415827 0.229391 0.049395 0.082437
0 0.325101 0.343190 0.065524 0.094982
0 0.699597 0.193548 0.066532 0.096774
0 0.494456 0.601254 0.065524 0.091398
4 0.027218 0.642473 0.038306 0.084229
4 0.163810 0.629032 0.035282 0.071685
4 0.246472 0.637993 0.035282 0.071685
4 0.236391 0.089606 0.035282 0.071685
2 0.578629 0.846774 0.058468 0.141577
2 0.250000 0.952509 0.056452 0.084229
4 0.468246 0.431900 0.035282 0.071685
4 0.169859 0.069892 0.035282 0.071685
3 0.651210 0.537634 0.030242 0.057348
3 0.751008 0.526882 0.030242 0.057348
