4 0.526316 0.219298 0.055921 0.102339
4 0.736842 0.201754 0.029605 0.090643
4 0.212993 0.589181 0.057566 0.087719
4 0.175987 0.866959 0.062500 0.076023
4 0.061678 0.862573 0.067434 0.125731
4 0.069901 0.345029 0.057566 0.084795
4 0.191612 0.385965 0.054276 0.090643
4 0.980263 0.318713 0.032895 0.119883
4 0.576480 0.628655 0.050987 0.078947
4 0.483553 0.750000 0.042763 0.081871
4 0.320724 0.643275 0.042763 0.102339
0 0.368421 0.402047 0.059211 0.105263
0 0.836349 0.470760 0.054276 0.102339
0 0.630757 0.410819 0.064145 0.105263
0 0.453947 0.500000 0.042763 0.078947
0 0.076480 0.473684 0.077303 0.178363
0 0.575658 0.409357 0.059211 0.073099