1 0.246711 0.407484 0.046053 0.069079
0 0.419408 0.944079 0.059211 0.081414
0 0.828947 0.808388 0.039474 0.081414
0 0.906250 0.703536 0.059211 0.078947
0 0.463816 0.786184 0.049342 0.066612
0 0.516447 0.702303 0.039474 0.076480
0 0.240954 0.812089 0.054276 0.069079
0 0.046053 0.866365 0.059211 0.083882
0 0.769737 0.508635 0.036184 0.054276
0 0.892270 0.482730 0.044408 0.046875
0 0.751645 0.406250 0.029605 0.056743
0 0.557566 0.580181 0.039474 0.049342
0 0.547697 0.916941 0.036184 0.066612
0 0.661184 0.939145 0.042763 0.086349
0 0.898026 0.945312 0.059211 0.093750
0 0.982730 0.745477 0.034539 0.078947
0 0.346217 0.461760 0.050987 0.093750
0 0.369243 0.599918 0.037829 0.088816
0 0.433388 0.694901 0.044408 0.091283
0 0.620066 0.525905 0.042763 0.049342
0 0.649671 0.783717 0.046053 0.071546
0 0.738487 0.726974 0.052632 0.066612
0 0.790296 0.598684 0.044408 0.056743
0 0.874178 0.654194 0.037829 0.064145
0 0.909539 0.611020 0.042763 0.061678
0 0.930099 0.535773 0.031250 0.064145
0 0.047697 0.423520 0.042763 0.056743
4 0.164474 0.252056 0.032895 0.049342
4 0.489309 0.549342 0.041118 0.051809
4 0.732730 0.968956 0.050987 0.062089
4 0.741776 0.902138 0.029605 0.056743
4 0.167763 0.590049 0.029605 0.074013
2 0.481908 0.449424 0.032895 0.074013
0 0.384046 0.888569 0.074013 0.133224
0 0.653783 0.593750 0.050987 0.056743
0 0.869243 0.339638 0.027961 0.066612
0 0.129112 0.627056 0.047697 0.054276
0 0.557566 0.659128 0.039474 0.069079