0 0.347177 0.462751 0.154032 0.295129
0 0.345565 0.459885 0.154032 0.295129
0 0.960081 0.230659 0.075000 0.154728
0 0.145565 0.460602 0.105645 0.222063
0 0.760484 0.325215 0.091935 0.148997
0 0.612097 0.484241 0.112903 0.177650
4 0.884677 0.941977 0.061290 0.116046
4 0.060081 0.195559 0.112097 0.247851
4 0.588710 0.920487 0.106452 0.130372
4 0.895565 0.090974 0.107258 0.164756
4 0.753226 0.637536 0.087097 0.120344
4 0.656452 0.904011 0.080645 0.160458
4 0.539516 0.059456 0.066129 0.116046
4 0.795565 0.084527 0.058871 0.091691
0 0.186694 0.355301 0.095968 0.163324
