4 0.536750 0.582667 0.120000 0.173333
0 0.762250 0.195111 0.100000 0.199111
0 0.108875 0.241333 0.114250 0.173333
0 0.270750 0.320889 0.088000 0.171556
0 0.506375 0.356889 0.104750 0.171556
0 0.412875 0.345333 0.067750 0.190222
2 0.348750 0.291333 0.044000 0.137333
4 0.307000 0.580222 0.068000 0.156889
4 0.092625 0.915778 0.070250 0.129333
4 0.136750 0.560222 0.051000 0.129333
4 0.696250 0.802444 0.108500 0.181778
4 0.723000 0.917778 0.112000 0.133333
4 0.643875 0.220444 0.067750 0.144000
4 0.474875 0.165556 0.072750 0.114222
4 0.335500 0.163333 0.046500 0.092889
4 0.333125 0.069333 0.032250 0.078222
