0 0.287222 0.208681 0.061111 0.120200
0 0.130556 0.298831 0.058889 0.093489
0 0.181111 0.282137 0.057778 0.080134
0 0.056667 0.210351 0.051111 0.063439
0 0.907222 0.190317 0.076667 0.130217
0 0.661667 0.175292 0.076667 0.130217
0 0.507222 0.247078 0.063333 0.093489
0 0.451111 0.234558 0.055556 0.085142
0 0.812778 0.140234 0.081111 0.123539
4 0.212778 0.679466 0.045556 0.053422
4 0.386111 0.572621 0.045556 0.053422
4 0.228333 0.569282 0.038889 0.063439
4 0.025000 0.676127 0.038889 0.063439
4 0.768889 0.768781 0.071111 0.118531
4 0.736111 0.339733 0.061111 0.075125
4 0.611667 0.561770 0.061111 0.075125
4 0.516111 0.572621 0.054444 0.063439
4 0.419444 0.557596 0.038889 0.056761
