0 0.088306 0.229226 0.050806 0.114613
0 0.881452 0.194126 0.041935 0.095989
0 0.618548 0.267908 0.046774 0.080229
0 0.411290 0.239255 0.043548 0.094556
0 0.939113 0.214183 0.052419 0.107450
0 0.561290 0.233524 0.050000 0.103152
0 0.454032 0.474928 0.056452 0.110315
0 0.350000 0.263610 0.054839 0.126074
0 0.716129 0.330946 0.054839 0.126074
0 0.170968 0.280802 0.046774 0.103152
0 0.770565 0.217765 0.039516 0.100287
0 0.655242 0.302292 0.049194 0.094556
0 0.479032 0.234241 0.033871 0.081662
4 0.095161 0.411175 0.046774 0.077364
4 0.267339 0.685530 0.047581 0.101719
4 0.596774 0.750000 0.048387 0.093123
2 0.811694 0.217765 0.039516 0.074499
