2 0.392578 0.605903 0.144531 0.305556
0 0.193848 0.444444 0.081055 0.152778
0 0.846680 0.528646 0.103516 0.182292
0 0.673340 0.440104 0.094727 0.154514
0 0.086426 0.328993 0.077148 0.109375
0 0.351074 0.254340 0.077148 0.109375
0 0.279297 0.259549 0.060547 0.088542
1 0.163574 0.185764 0.049805 0.118056
2 0.461914 0.167535 0.037109 0.081597
4 0.917969 0.801215 0.160156 0.130208
4 0.602539 0.780382 0.117188 0.119792
4 0.586914 0.535590 0.117188 0.119792
4 0.483887 0.930556 0.086914 0.125000
4 0.815430 0.657986 0.119141 0.097222
4 0.746582 0.316840 0.083008 0.144097
4 0.649902 0.231771 0.061523 0.123264
4 0.630371 0.905382 0.061523 0.123264
0 0.547363 0.330729 0.096680 0.157986
