0 0.741250 0.417920 0.170000 0.189223
0 0.489375 0.426065 0.168750 0.187970
0 0.339375 0.332707 0.123750 0.129073
2 0.940000 0.377193 0.112500 0.167920
2 0.601250 0.336466 0.080000 0.114035
2 0.070625 0.337093 0.101250 0.127820
4 0.100000 0.934211 0.180000 0.126566
4 0.067500 0.644110 0.132500 0.265664
4 0.096250 0.439850 0.190000 0.090226
4 0.775625 0.195489 0.098750 0.117794
4 0.730000 0.629073 0.117500 0.097744
4 0.819375 0.796366 0.153750 0.154135
4 0.563125 0.959900 0.116250 0.080201
4 0.342500 0.744361 0.087500 0.117794
