0 0.453472 0.470455 0.069444 0.115909
0 0.469097 0.269886 0.046528 0.067045
0 0.762153 0.258523 0.036806 0.087500
0 0.878125 0.231250 0.045139 0.089773
0 0.935764 0.251705 0.053472 0.096591
0 0.404167 0.269886 0.050000 0.098864
0 0.572222 0.270455 0.054167 0.097727
0 0.716667 0.348864 0.069444 0.115909
0 0.342708 0.306818 0.070139 0.115909
0 0.164583 0.313068 0.059722 0.098864
0 0.076736 0.257955 0.070139 0.115909
0 0.522569 0.261932 0.045139 0.080682
0 0.615625 0.302841 0.045139 0.089773
0 0.295833 0.226705 0.045833 0.089773
2 0.811111 0.263068 0.034722 0.071591
