0 0.848750 0.643704 0.149167 0.330370
0 0.462083 0.637778 0.075833 0.146667
0 0.404583 0.445185 0.062500 0.128889
0 0.209583 0.449630 0.072500 0.137778
0 0.687083 0.511852 0.052500 0.102222
0 0.091667 0.551852 0.050000 0.084444
0 0.592917 0.477778 0.039167 0.075556
0 0.955417 0.725926 0.052500 0.195556
0 0.321667 0.478519 0.043333 0.088889
0 0.035417 0.449630 0.049167 0.117037
0 0.262500 0.348889 0.033333 0.063704
0 0.645000 0.409630 0.036667 0.069630
0 0.120000 0.380741 0.026667 0.050370
4 0.195833 0.894074 0.050000 0.081481
4 0.429583 0.958519 0.062500 0.071111
4 0.685417 0.671852 0.037500 0.057778
4 0.738750 0.691852 0.022500 0.041481
4 0.107500 0.765926 0.051667 0.050370
0 0.324167 0.354074 0.031667 0.062222
