0 0.866250 0.299167 0.057500 0.115000
0 0.415625 0.528333 0.046250 0.076667
0 0.588750 0.285833 0.057500 0.115000
0 0.891250 0.157500 0.057500 0.115000
0 0.088750 0.512500 0.057500 0.115000
2 0.287500 0.927500 0.102500 0.145000
2 0.076250 0.191667 0.057500 0.080000
2 0.388750 0.216667 0.062500 0.066667
2 0.260000 0.382500 0.067500 0.091667
2 0.292500 0.166667 0.067500 0.083333
2 0.153750 0.030833 0.077500 0.058333
2 0.675000 0.131667 0.085000 0.110000
0 0.342500 0.528333 0.075000 0.130000
2 0.286875 0.044167 0.053750 0.078333
1 0.145000 0.622500 0.077500 0.108333
2 0.021875 0.214167 0.041250 0.118333
4 0.551875 0.685833 0.063750 0.078333
4 0.791875 0.687500 0.063750 0.078333
4 0.120625 0.944167 0.063750 0.078333
4 0.813125 0.192500 0.063750 0.078333
4 0.097500 0.371667 0.055000 0.063333
4 0.480000 0.258333 0.055000 0.063333
4 0.588750 0.283333 0.055000 0.063333
