0 0.277748 0.204687 0.048422 0.092708
0 0.233134 0.293229 0.048422 0.092708
0 0.130849 0.282813 0.048422 0.092708
0 0.030740 0.275521 0.048422 0.092708
0 0.333243 0.243229 0.048422 0.092708
0 0.441513 0.269271 0.048422 0.092708
0 0.569913 0.257812 0.048422 0.092708
0 0.655876 0.313021 0.048422 0.092708
0 0.746736 0.306771 0.048422 0.092708
0 0.840860 0.341146 0.048422 0.092708
0 0.952394 0.306771 0.048422 0.092708
4 0.918662 0.432812 0.040805 0.071875
4 0.295702 0.409896 0.040805 0.071875
4 0.248912 0.428646 0.040805 0.071875
4 0.141186 0.420312 0.040805 0.071875
4 0.392002 0.391146 0.040805 0.071875
4 0.465996 0.407813 0.040805 0.071875
