2 0.806597 0.259091 0.049306 0.072727
0 0.076736 0.264773 0.059028 0.100000
0 0.610764 0.292045 0.043750 0.077273
0 0.410069 0.280114 0.050694 0.085227
0 0.881944 0.235227 0.051389 0.081818
0 0.939931 0.259091 0.059028 0.100000
0 0.560069 0.277273 0.047917 0.086364
0 0.351389 0.297727 0.059722 0.100000
0 0.714236 0.340909 0.059028 0.100000
0 0.445139 0.468182 0.059722 0.100000
0 0.161458 0.295455 0.059028 0.100000
0 0.296875 0.225000 0.043750 0.077273
0 0.473958 0.282955 0.043750 0.077273
4 0.095486 0.425568 0.038194 0.071591
4 0.267708 0.661932 0.038194 0.071591
4 0.597917 0.706250 0.038889 0.071591
