0 0.217928 0.901296 0.116776 0.158049
0 0.327303 0.770412 0.082237 0.148171
0 0.125000 0.293795 0.059211 0.103720
0 0.293586 0.325899 0.077303 0.118537
0 0.805921 0.924718 0.101974 0.150563
0 0.683388 0.938301 0.136513 0.123399
0 0.528783 0.732135 0.080592 0.101250
0 0.776316 0.319725 0.046053 0.096311
0 0.604441 0.298734 0.060855 0.098781
0 0.624178 0.190076 0.054276 0.123476
0 0.144737 0.191310 0.062500 0.091372
0 0.719572 0.725961 0.080592 0.133354
0 0.862664 0.611128 0.077303 0.130884
0 0.956414 0.265396 0.060855 0.135823
4 0.832237 0.313551 0.039474 0.088903
4 0.683388 0.572851 0.044408 0.079025
4 0.434211 0.859315 0.062500 0.123476
0 0.597039 0.879071 0.085526 0.118537
4 0.183388 0.629650 0.060855 0.088903
4 0.931743 0.879071 0.041118 0.074086
0 0.833882 0.798812 0.072368 0.116067