0 0.498355 0.530839 0.115132 0.133224
0 0.722039 0.861431 0.121711 0.187500
0 0.669408 0.698602 0.105263 0.172697
0 0.847862 0.606086 0.083882 0.145559
0 0.131579 0.631990 0.082237 0.162829
0 0.278783 0.739309 0.090461 0.170230
0 0.759868 0.622122 0.059211 0.133224
0 0.631579 0.323602 0.046053 0.074013
0 0.975329 0.319901 0.042763 0.091283
0 0.828947 0.407484 0.042763 0.088816
0 0.972862 0.586349 0.054276 0.130757
2 0.089638 0.462993 0.077303 0.111020
4 0.225329 0.409951 0.072368 0.123355
4 0.911184 0.701069 0.075658 0.069079
4 0.680099 0.936883 0.123355 0.126234
4 0.197368 0.672697 0.059211 0.125822
4 0.119243 0.916941 0.067434 0.150493
4 0.027138 0.889803 0.054276 0.160362