0 0.273438 0.858724 0.117188 0.115885
0 0.098145 0.796875 0.168945 0.148438
0 0.783691 0.725911 0.065430 0.076823
0 0.891602 0.873698 0.080078 0.083333
0 0.812500 0.859375 0.044922 0.046875
0 0.096680 0.242839 0.054688 0.050781
0 0.138672 0.166667 0.058594 0.080729
4 0.754395 0.906250 0.026367 0.041667
4 0.148438 0.357422 0.029297 0.032552
4 0.062988 0.323568 0.041992 0.053385
4 0.111328 0.370443 0.015625 0.035156
4 0.770508 0.870443 0.027344 0.040365
4 0.301270 0.966797 0.071289 0.066406
4 0.125977 0.367839 0.019531 0.040365
