0 0.553454 0.753094 0.113487 0.153390
0 0.709704 0.645721 0.080592 0.113947
0 0.074836 0.599704 0.074013 0.087652
0 0.251645 0.599704 0.055921 0.092034
0 0.094572 0.418922 0.060855 0.085460
1 0.019737 0.423305 0.039474 0.063547
0 0.602796 0.467131 0.050987 0.063547
0 0.787007 0.422209 0.041118 0.078886
0 0.973684 0.394818 0.032895 0.076695
0 0.295230 0.433166 0.044408 0.074504
0 0.383224 0.343323 0.032895 0.070121
0 0.539474 0.489044 0.062500 0.085460
0 0.765625 0.287445 0.037829 0.059165
0 0.590461 0.257863 0.039474 0.070121
0 0.533717 0.260054 0.024671 0.035061
0 0.412829 0.292923 0.032895 0.035061
0 0.052632 0.923660 0.105263 0.152681
0 0.008224 0.285254 0.016447 0.063547
0 0.874178 0.334558 0.041118 0.061356
0 0.689145 0.332366 0.042763 0.065739
0 0.642270 0.403583 0.044408 0.059165
2 0.245888 0.415635 0.064145 0.092034
2 0.838816 0.413444 0.026316 0.065739
2 0.410362 0.447409 0.044408 0.089843
1 0.146382 0.376192 0.052632 0.078886
4 0.136513 0.765146 0.098684 0.120521
4 0.863487 0.627095 0.046053 0.085460
4 0.527138 0.589843 0.083882 0.072312
4 0.380757 0.469322 0.067434 0.050400
4 0.182566 0.486852 0.078947 0.076695
4 0.203947 0.284158 0.052632 0.070121
4 0.556743 0.345514 0.047697 0.052591
4 0.627467 0.319219 0.037829 0.035061
4 0.332237 0.226089 0.042763 0.054782
4 0.479441 0.287445 0.044408 0.037252
4 0.485197 0.372905 0.059211 0.076695
4 0.825658 0.309358 0.046053 0.067930
4 0.630757 0.749807 0.057566 0.094225
4 0.946546 0.457270 0.077303 0.083269