0 0.481086 0.703536 0.077303 0.152961
0 0.514803 0.411184 0.082237 0.170230
0 0.872533 0.324836 0.103618 0.165296
0 0.123355 0.771382 0.121711 0.140625
0 0.134868 0.402549 0.075658 0.128289
1 0.342105 0.307566 0.088816 0.145559
2 0.955592 0.535773 0.088816 0.152961
4 0.479441 0.897204 0.103618 0.125822
4 0.892270 0.825658 0.106908 0.160362
4 0.787007 0.094161 0.090461 0.118421
4 0.697368 0.092928 0.088816 0.115954
4 0.430921 0.518503 0.072368 0.113487
4 0.722862 0.930510 0.139803 0.133224
4 0.096217 0.069490 0.116776 0.128289
4 0.218750 0.171875 0.062500 0.071546
4 0.023849 0.189145 0.047697 0.101151
4 0.032072 0.323602 0.047697 0.108553
4 0.646382 0.398849 0.069079 0.071546