4 0.865625 0.260000 0.066250 0.103333
2 0.363750 0.196667 0.077500 0.126667
2 0.178125 0.794167 0.093750 0.151667
2 0.938750 0.915000 0.102500 0.170000
2 0.043750 0.202500 0.085000 0.128333
4 0.130625 0.889167 0.088750 0.098333
4 0.545000 0.656667 0.080000 0.093333
4 0.560625 0.872500 0.051250 0.068333
4 0.845000 0.722500 0.082500 0.075000
4 0.411250 0.292500 0.057500 0.095000
4 0.156250 0.217500 0.062500 0.061667
4 0.301875 0.547500 0.031250 0.075000
4 0.363750 0.572500 0.057500 0.068333
0 0.645000 0.540833 0.095000 0.151667
0 0.896875 0.450833 0.083750 0.155000
0 0.441250 0.420000 0.092500 0.163333
0 0.103125 0.546667 0.071250 0.140000
2 0.595625 0.023333 0.063750 0.043333
4 0.516875 0.055000 0.058750 0.106667
4 0.877500 0.040833 0.085000 0.078333
4 0.021875 0.436667 0.041250 0.066667
