0 0.861842 0.580386 0.098684 0.122771
4 0.862664 0.691464 0.087171 0.128617
0 0.539474 0.711926 0.098684 0.140309
0 0.190789 0.488308 0.075658 0.143232
0 0.047697 0.657848 0.088816 0.108155
0 0.049342 0.892502 0.098684 0.214997
4 0.281250 0.476615 0.052632 0.078924
4 0.046053 0.340690 0.036184 0.105232
4 0.856086 0.355306 0.037829 0.099386
4 0.879934 0.353844 0.036184 0.084770
2 0.940789 0.388922 0.023026 0.061385
4 0.064145 0.472230 0.036184 0.076001
4 0.023026 0.472230 0.032895 0.058462
4 0.242599 0.364075 0.041118 0.058462