2 0.920206 0.152174 0.059202 0.093822
2 0.208494 0.181922 0.059202 0.093822
2 0.314028 0.191076 0.059202 0.093822
2 0.427284 0.106407 0.059202 0.093822
2 0.559846 0.133867 0.059202 0.093822
2 0.680824 0.179634 0.059202 0.093822
2 0.815959 0.181922 0.059202 0.093822
2 0.070785 0.149886 0.059202 0.093822
4 0.135779 0.548055 0.052767 0.098398
4 0.810167 0.497712 0.050193 0.093822
4 0.702703 0.532037 0.041184 0.080092
4 0.972973 0.536613 0.051480 0.098398
4 0.612613 0.511442 0.041184 0.093822
4 0.021236 0.569794 0.039897 0.096110
4 0.488417 0.487414 0.045045 0.086957
4 0.296010 0.566362 0.046332 0.075515
