0 0.872872 0.548387 0.059574 0.253102
0 0.093085 0.436725 0.045745 0.178660
0 0.473138 0.413151 0.060106 0.124069
0 0.531915 0.427419 0.072340 0.184864
0 0.363564 0.466501 0.068617 0.181141
0 0.976862 0.387717 0.046277 0.209677
0 0.809574 0.444169 0.065957 0.153846
0 0.646277 0.571340 0.075532 0.142680
0 0.708245 0.490074 0.065426 0.188586
0 0.786702 0.670596 0.079787 0.194789
0 0.269947 0.692928 0.076064 0.202233
0 0.153457 0.478288 0.069681 0.207196
0 0.344681 0.834367 0.089362 0.249380
0 0.437766 0.588089 0.076596 0.200993
0 0.030053 0.808933 0.059043 0.253102
0 0.965691 0.837469 0.068617 0.253102
0 0.769415 0.903226 0.125000 0.193548
0 0.641755 0.858561 0.097340 0.282878
0 0.150532 0.869727 0.119149 0.260546
0 0.553989 0.848015 0.072872 0.207196
0 0.637766 0.208437 0.046809 0.111663
0 0.547340 0.143921 0.046809 0.111663
0 0.901862 0.301489 0.054787 0.109181
0 0.277926 0.408809 0.065426 0.132754
