0 0.369000 0.289986 0.043000 0.041066
0 0.375000 0.621398 0.043000 0.041066
0 0.413500 0.709654 0.041000 0.046110
0 0.327750 0.785303 0.040500 0.059078
0 0.603250 0.761167 0.038500 0.061239
0 0.398500 0.202810 0.043000 0.041066
0 0.341500 0.372118 0.043000 0.041066
0 0.430500 0.429035 0.043000 0.041066
0 0.482000 0.366354 0.043000 0.041066
0 0.454000 0.323847 0.043000 0.041066
0 0.718500 0.470821 0.043000 0.041066
0 0.540000 0.382205 0.043000 0.041066
0 0.817500 0.310879 0.043000 0.041066
0 0.129500 0.477305 0.043000 0.041066
0 0.697500 0.562320 0.038000 0.045389
0 0.471500 0.588977 0.043000 0.041066
0 0.260500 0.609870 0.044000 0.046830
0 0.086000 0.199207 0.031000 0.038184
0 0.905500 0.804395 0.043000 0.041066
0 0.758250 0.920749 0.044500 0.053314
0 0.647500 0.828890 0.043000 0.041066
0 0.017500 0.478386 0.034000 0.046110
0 0.076500 0.701369 0.043000 0.041066
0 0.249250 0.943444 0.040500 0.061239
0 0.945000 0.611671 0.047000 0.053314
0 0.546000 0.875360 0.044000 0.047550
0 0.902750 0.971182 0.062500 0.057637
0 0.428500 0.109510 0.026000 0.046110
0 0.871000 0.163905 0.029000 0.033862
0 0.827250 0.174352 0.024500 0.053314
0 0.072000 0.469020 0.033000 0.041787
0 0.926250 0.322046 0.033500 0.053314
0 0.882750 0.380764 0.038500 0.042507
0 0.414750 0.941643 0.062500 0.057637
0 0.126750 0.374280 0.034500 0.033862
0 0.623250 0.190202 0.029500 0.037464
0 0.602750 0.394092 0.038500 0.043228
0 0.381500 0.692723 0.041000 0.049712
0 0.942250 0.782781 0.039500 0.046830
0 0.593250 0.529539 0.033500 0.038905
0 0.295500 0.118876 0.026000 0.046110
0 0.350500 0.055476 0.026000 0.046110
0 0.390000 0.062680 0.026000 0.046110
0 0.576000 0.062680 0.026000 0.046110
0 0.544500 0.108790 0.026000 0.046110
0 0.494500 0.138329 0.026000 0.046110
0 0.725000 0.404899 0.026000 0.046110
0 0.357500 0.454611 0.026000 0.046110
0 0.288000 0.558357 0.026000 0.046110
0 0.260250 0.149496 0.022500 0.038184
2 0.264500 0.295389 0.033000 0.041787
2 0.140750 0.291066 0.028500 0.043228
0 0.496750 0.458213 0.035500 0.051873
0 0.771750 0.235951 0.028500 0.049712
0 0.665750 0.387248 0.035500 0.042507
2 0.112750 0.568444 0.039500 0.044669
2 0.161000 0.634366 0.026000 0.049712
0 0.462000 0.784942 0.038000 0.049712
