0 0.759524 0.239336 0.096825 0.132701
0 0.881746 0.218009 0.058730 0.085308
0 0.521429 0.236967 0.071429 0.094787
0 0.407143 0.200237 0.090476 0.106635
0 0.291270 0.209716 0.080952 0.101896
0 0.609524 0.227488 0.088889 0.118483
2 0.115873 0.268957 0.069841 0.087678
2 0.179365 0.233412 0.069841 0.087678
4 0.730159 0.578199 0.060317 0.090047
4 0.337302 0.482227 0.042857 0.087678
4 0.396825 0.492891 0.060317 0.090047
4 0.433333 0.684834 0.060317 0.071090
4 0.500794 0.742891 0.058730 0.078199
4 0.899206 0.861374 0.061905 0.063981
4 0.187302 0.658768 0.041270 0.061611
