2 0.143500 0.831851 0.123000 0.236655
2 0.363000 0.349644 0.070000 0.137011
2 0.268500 0.412811 0.073000 0.153025
1 0.450500 0.291815 0.075000 0.153025
0 0.588000 0.612989 0.122000 0.250890
0 0.340000 0.661032 0.122000 0.250890
0 0.748500 0.533808 0.099000 0.195730
0 0.144500 0.371886 0.101000 0.181495
0 0.820000 0.792705 0.122000 0.250890
0 0.445000 0.642349 0.086000 0.128114
4 0.460000 0.809609 0.130000 0.238434
2 0.213000 0.178826 0.058000 0.129893
2 0.850000 0.270463 0.078000 0.135231
2 0.583500 0.275801 0.067000 0.128114
0 0.266000 0.176157 0.054000 0.117438
2 0.481500 0.118327 0.049000 0.115658
