0 0.729441 0.458412 0.077303 0.141400
0 0.726974 0.114615 0.062500 0.130310
0 0.507401 0.480592 0.074013 0.124765
0 0.286184 0.458412 0.059211 0.113675
0 0.087993 0.458412 0.074013 0.135855
0 0.773849 0.951703 0.087171 0.096593
0 0.972039 0.902021 0.055921 0.163581
0 0.697368 0.861819 0.092105 0.144173
0 0.148849 0.042751 0.050987 0.085503
4 0.827303 0.588722 0.072368 0.130310
4 0.726974 0.615061 0.062500 0.127538
4 0.621711 0.307307 0.108553 0.099812
4 0.813322 0.289286 0.064145 0.069314
0 0.781250 0.282354 0.059211 0.116447
4 0.164474 0.825775 0.049342 0.105357
4 0.212993 0.303148 0.054276 0.097039
4 0.078125 0.305921 0.054276 0.085949