0 0.548125 0.490619 0.048750 0.076923
0 0.312500 0.080675 0.040000 0.052533
0 0.242500 0.312383 0.045000 0.058161
0 0.633750 0.253283 0.045000 0.060038
0 0.034375 0.368668 0.048750 0.076923
0 0.101875 0.484991 0.048750 0.076923
0 0.897500 0.499062 0.047500 0.063790
0 0.950625 0.743902 0.048750 0.076923
0 0.174375 0.593809 0.048750 0.076923
0 0.799375 0.548780 0.048750 0.076923
0 0.255625 0.880863 0.048750 0.076923
0 0.149375 0.917448 0.053750 0.093809
0 0.443125 0.560038 0.048750 0.076923
0 0.329375 0.503752 0.048750 0.076923
0 0.715625 0.796435 0.048750 0.076923
0 0.065000 0.203565 0.045000 0.058161
0 0.081250 0.291745 0.045000 0.058161
0 0.150000 0.184803 0.045000 0.058161
0 0.303750 0.235460 0.045000 0.058161
0 0.153750 0.045966 0.045000 0.058161
0 0.075000 0.072233 0.045000 0.058161
0 0.124375 0.797373 0.051250 0.060038
0 0.373125 0.825516 0.046250 0.075047
0 0.565000 0.202627 0.045000 0.056285
0 0.770625 0.380863 0.046250 0.075047
0 0.595000 0.402439 0.037500 0.054409
0 0.348125 0.364916 0.046250 0.061914
0 0.164375 0.515947 0.046250 0.075047
4 0.485625 0.800188 0.036250 0.061914
4 0.760625 0.633208 0.036250 0.061914
4 0.094375 0.888368 0.036250 0.061914
4 0.703125 0.893996 0.038750 0.061914
4 0.268125 0.749531 0.036250 0.061914
4 0.402500 0.687617 0.040000 0.061914
4 0.345625 0.830206 0.036250 0.061914
