2 0.174167 0.699375 0.100000 0.173750
2 0.475833 0.358125 0.080000 0.156250
2 0.784167 0.106250 0.075000 0.092500
2 0.862500 0.194375 0.078333 0.113750
2 0.642917 0.297500 0.072500 0.107500
2 0.732500 0.428750 0.076667 0.125000
2 0.192083 0.518750 0.074167 0.095000
2 0.804583 0.620000 0.090833 0.142500
2 0.525833 0.633750 0.090000 0.172500
2 0.356250 0.136875 0.069167 0.108750
4 0.402500 0.549375 0.125000 0.221250
4 0.530833 0.364375 0.070000 0.161250
4 0.229167 0.285625 0.070000 0.146250
4 0.081250 0.428125 0.087500 0.206250
4 0.941667 0.674375 0.095000 0.183750
4 0.822500 0.738750 0.085000 0.175000
4 0.865417 0.415625 0.092500 0.161250
4 0.942500 0.240625 0.078333 0.136250
4 0.114167 0.182500 0.058333 0.120000
4 0.398333 0.310000 0.066667 0.137500
4 0.638750 0.516875 0.097500 0.226250
4 0.265000 0.385000 0.075000 0.227500
2 0.240833 0.050625 0.065000 0.098750
