0 0.405660 0.343212 0.060377 0.193117
0 0.898113 0.077438 0.067925 0.143403
0 0.482075 0.847992 0.067925 0.143403
0 0.351887 0.652964 0.067925 0.143403
0 0.300000 0.249522 0.067925 0.143403
0 0.222642 0.318356 0.067925 0.143403
0 0.537264 0.191205 0.063208 0.118547
0 0.471226 0.219885 0.063208 0.118547
0 0.729717 0.258126 0.063208 0.145315
0 0.968396 0.122371 0.063208 0.168260
0 0.678774 0.080306 0.063208 0.118547
4 0.828774 0.937859 0.051887 0.124283
4 0.287264 0.616635 0.050000 0.097514
4 0.358019 0.515296 0.068868 0.063098
3 0.742925 0.188337 0.065094 0.074570
