0 0.850098 0.276393 0.075195 0.145161
0 0.926270 0.541056 0.118164 0.167155
0 0.136719 0.507331 0.095703 0.146628
0 0.352051 0.593842 0.100586 0.134897
0 0.719727 0.224340 0.095703 0.146628
0 0.197266 0.197214 0.089844 0.139296
0 0.614746 0.607038 0.098633 0.155425
0 0.522461 0.508798 0.095703 0.146628
0 0.800781 0.627566 0.095703 0.146628
0 0.053711 0.211877 0.093750 0.127566
0 0.470703 0.236070 0.095703 0.146628
0 0.312012 0.191349 0.090820 0.133431
4 0.326660 0.711877 0.081055 0.089443
4 0.081543 0.591642 0.081055 0.089443
4 0.110352 0.359971 0.074219 0.065982
4 0.376465 0.388563 0.061523 0.061584
4 0.431152 0.864370 0.081055 0.089443
4 0.823730 0.973607 0.083008 0.052786
4 0.581055 0.796921 0.089844 0.083578
4 0.471191 0.742669 0.063477 0.054252
4 0.021973 0.355572 0.041992 0.092375
4 0.746094 0.851906 0.068359 0.061584
