0 0.805500 0.560440 0.113000 0.206044
0 0.670500 0.640110 0.113000 0.206044
0 0.563000 0.443681 0.080000 0.123626
0 0.687000 0.357143 0.080000 0.123626
0 0.366000 0.464286 0.080000 0.123626
0 0.117000 0.524725 0.080000 0.123626
0 0.250000 0.415522 0.076000 0.114011
0 0.941000 0.449863 0.076000 0.114011
0 0.829000 0.261676 0.074000 0.103022
0 0.931500 0.225962 0.063000 0.078297
0 0.630500 0.199863 0.063000 0.078297
0 0.505500 0.361951 0.063000 0.078297
0 0.049000 0.372253 0.064000 0.098901
0 0.361500 0.168269 0.065000 0.083791
0 0.234500 0.231456 0.065000 0.083791
0 0.141500 0.170330 0.067000 0.079670
0 0.477000 0.212912 0.046000 0.063187
0 0.531500 0.245879 0.057000 0.060440
4 0.586500 0.455357 0.039000 0.105769
4 0.368500 0.668269 0.059000 0.094780
4 0.323500 0.664148 0.059000 0.094780
4 0.165000 0.779533 0.058000 0.075549
4 0.065000 0.671016 0.058000 0.075549
