1 0.790937 0.520556 0.078125 0.154444
0 0.074688 0.464444 0.075625 0.182222
0 0.390937 0.363889 0.053125 0.083333
0 0.886875 0.355000 0.056250 0.096667
0 0.666250 0.450000 0.062500 0.124444
0 0.332813 0.497778 0.075625 0.131111
0 0.510312 0.502222 0.075625 0.182222
0 0.748750 0.434444 0.061250 0.113333
0 0.279062 0.421111 0.040625 0.111111
2 0.954063 0.403889 0.056875 0.107778
2 0.577812 0.287222 0.056875 0.096667
2 0.705937 0.332778 0.048125 0.085556
4 0.131250 0.693333 0.086250 0.104444
4 0.931250 0.930556 0.063750 0.092222
4 0.308750 0.807222 0.073750 0.076667
4 0.180000 0.727222 0.063750 0.092222
2 0.441875 0.395000 0.063750 0.123333
2 0.500313 0.302778 0.058125 0.085556
