2 0.505000 0.312312 0.084000 0.105105
2 0.932500 0.394895 0.069000 0.093093
2 0.640000 0.342342 0.084000 0.105105
0 0.415500 0.449700 0.089000 0.142643
0 0.045000 0.239489 0.088000 0.142643
0 0.234500 0.374625 0.089000 0.142643
0 0.704000 0.391892 0.082000 0.120120
0 0.823500 0.402402 0.071000 0.105105
0 0.564500 0.403153 0.089000 0.142643
0 0.877000 0.394144 0.066000 0.091592
4 0.425500 0.704204 0.057000 0.075075
4 0.481500 0.905405 0.057000 0.075075
4 0.249500 0.641141 0.057000 0.075075
4 0.690500 0.851351 0.057000 0.075075
