0 0.479000 0.275500 0.082000 0.109000
0 0.085333 0.450500 0.070667 0.095000
0 0.644000 0.543500 0.068000 0.083000
0 0.775000 0.409000 0.066000 0.082000
0 0.850000 0.426500 0.069333 0.101000
0 0.923000 0.312500 0.082000 0.109000
0 0.308667 0.520500 0.052000 0.077000
0 0.163000 0.518000 0.059333 0.064000
0 0.231667 0.530000 0.036667 0.068000
0 0.271333 0.575500 0.042667 0.069000
4 0.519667 0.554000 0.074000 0.056000
4 0.409000 0.552000 0.074000 0.056000
3 0.693333 0.644500 0.045333 0.043000
2 0.623667 0.659000 0.024667 0.048000
