0 0.919167 0.454604 0.093333 0.162404
0 0.917500 0.452046 0.093333 0.162404
0 0.186667 0.255115 0.048333 0.072890
0 0.573750 0.350384 0.067500 0.117647
0 0.692500 0.376598 0.071667 0.134271
0 0.620833 0.375320 0.093333 0.162404
0 0.051250 0.278133 0.055833 0.075448
0 0.260000 0.258951 0.048333 0.072890
0 0.405833 0.243606 0.048333 0.072890
0 0.797917 0.341432 0.064167 0.089514
0 0.802500 0.187340 0.045000 0.072890
0 0.509167 0.279412 0.045000 0.072890
0 0.460000 0.239770 0.045000 0.072890
2 0.671250 0.209719 0.049167 0.086957
4 0.720417 0.410486 0.047500 0.127877
4 0.428333 0.468031 0.065000 0.112532
4 0.025000 0.588875 0.046667 0.075448
4 0.809167 0.893862 0.053333 0.097187
