1 0.267578 0.237847 0.041016 0.086806
2 0.513672 0.214410 0.041016 0.074653
2 0.936523 0.495660 0.041016 0.074653
2 0.929688 0.370660 0.041016 0.074653
2 0.759766 0.197049 0.041016 0.074653
0 0.655762 0.688368 0.075195 0.185764
0 0.944824 0.903646 0.075195 0.185764
0 0.389648 0.467882 0.068359 0.112847
0 0.897949 0.336806 0.049805 0.055556
0 0.384766 0.248264 0.093750 0.118056
4 0.468262 0.785590 0.049805 0.098958
4 0.889160 0.723090 0.049805 0.098958
4 0.618652 0.779514 0.038086 0.145833
0 0.694824 0.261285 0.053711 0.081597
2 0.570801 0.394965 0.061523 0.081597
2 0.085449 0.235243 0.061523 0.081597
