4 0.730909 0.234628 0.047273 0.106796
4 0.672727 0.195793 0.047273 0.106796
4 0.332727 0.221683 0.047273 0.106796
4 0.160000 0.257282 0.047273 0.106796
4 0.540909 0.229773 0.045455 0.090615
4 0.396364 0.315534 0.047273 0.106796
4 0.881818 0.079288 0.050909 0.074434
4 0.815455 0.190939 0.056364 0.103560
4 0.584545 0.161812 0.038182 0.110032
4 0.064545 0.733010 0.049091 0.093851
4 0.910909 0.244337 0.047273 0.106796
4 0.724545 0.108414 0.049091 0.087379
2 0.186364 0.652104 0.056364 0.093851
2 0.279091 0.428803 0.056364 0.093851
2 0.911818 0.393204 0.056364 0.093851
2 0.033636 0.503236 0.056364 0.093851
2 0.131818 0.493528 0.056364 0.093851
2 0.088182 0.648867 0.056364 0.093851
2 0.478182 0.967638 0.050909 0.064725
2 0.620909 0.425566 0.056364 0.093851
2 0.537273 0.600324 0.056364 0.093851
2 0.439091 0.571197 0.056364 0.093851
2 0.311818 0.671521 0.056364 0.093851
2 0.193636 0.949838 0.056364 0.093851
2 0.096364 0.241100 0.050909 0.080906
2 0.060909 0.338188 0.056364 0.093851
2 0.744545 0.373786 0.056364 0.093851
2 0.216364 0.425566 0.054545 0.074434
2 0.252727 0.266990 0.054545 0.074434
4 0.200909 0.098706 0.038182 0.074434
4 0.459091 0.147249 0.038182 0.074434
4 0.398182 0.030744 0.043636 0.055016
