4 0.443902 0.793443 0.087805 0.118033
4 0.595122 0.811475 0.073171 0.101639
4 0.673171 0.890164 0.073171 0.101639
4 0.760976 0.900000 0.073171 0.101639
2 0.153659 0.840984 0.073171 0.121311
2 0.285366 0.067213 0.073171 0.121311
2 0.900000 0.168852 0.073171 0.121311
2 0.395122 0.109836 0.073171 0.121311
2 0.131707 0.629508 0.151220 0.203279
2 0.765854 0.280328 0.073171 0.121311
2 0.551220 0.263934 0.073171 0.121311
2 0.265854 0.260656 0.073171 0.121311
2 0.102439 0.254098 0.073171 0.121311
2 0.204878 0.077049 0.073171 0.121311
2 0.585366 0.116393 0.073171 0.121311
