2 0.190278 0.665350 0.076111 0.146101
2 0.233056 0.175716 0.048333 0.090819
2 0.278333 0.352419 0.058889 0.065153
2 0.480278 0.804541 0.051667 0.106614
2 0.680833 0.119941 0.056111 0.095755
2 0.765556 0.255183 0.063333 0.099704
2 0.135278 0.451135 0.076111 0.146101
2 0.894167 0.741362 0.076111 0.146101
2 0.264722 0.790721 0.076111 0.146101
2 0.567222 0.127838 0.042222 0.072063
2 0.618611 0.211747 0.055000 0.111550
2 0.725556 0.140671 0.042222 0.072063
0 0.366389 0.878578 0.103889 0.225074
0 0.619722 0.904245 0.108333 0.177690
2 0.143333 0.299605 0.058889 0.109576
0 0.756944 0.526160 0.066111 0.102665
0 0.644444 0.558736 0.083333 0.165844
0 0.458611 0.620434 0.080556 0.081935
0 0.373056 0.518756 0.082778 0.127345
0 0.562222 0.511846 0.076667 0.133268
0 0.696944 0.787759 0.079444 0.181639
0 0.369722 0.338105 0.077222 0.089832
0 0.468056 0.459526 0.061667 0.093781
0 0.683056 0.400296 0.061667 0.093781
0 0.122222 0.628332 0.070000 0.141165
