4 0.095417 0.503704 0.042500 0.080000
0 0.708750 0.412593 0.064167 0.120000
0 0.615417 0.362963 0.049167 0.088889
0 0.476667 0.334074 0.048333 0.090370
0 0.884167 0.287407 0.060000 0.109630
0 0.759167 0.304444 0.058333 0.111111
0 0.410417 0.334815 0.059167 0.118519
0 0.168750 0.368148 0.064167 0.120000
0 0.567083 0.323704 0.064167 0.120000
0 0.350417 0.348889 0.064167 0.120000
0 0.938750 0.313333 0.064167 0.120000
0 0.447917 0.571111 0.064167 0.120000
0 0.081250 0.320741 0.064167 0.120000
2 0.809167 0.309630 0.041667 0.074074
4 0.264583 0.780741 0.037500 0.088889
4 0.595000 0.840000 0.040000 0.118519
4 0.231667 0.742222 0.041667 0.082963
