0 0.350329 0.342041 0.065789 0.112653
2 0.905428 0.176734 0.067434 0.105306
2 0.794408 0.143673 0.052632 0.088163
2 0.698191 0.182857 0.041118 0.068572
2 0.609375 0.184081 0.034539 0.051429
2 0.539474 0.177959 0.036184 0.068572
2 0.453947 0.191428 0.042763 0.066123
2 0.316612 0.170612 0.037829 0.063674
2 0.410362 0.155918 0.027961 0.058776
2 0.077303 0.147346 0.032895 0.041633
2 0.138980 0.149795 0.024671 0.061225
2 0.200658 0.160816 0.029605 0.068572
4 0.383224 0.727755 0.072368 0.124898
4 0.906250 0.392245 0.059211 0.071021
4 0.816612 0.300408 0.047697 0.063674
4 0.650493 0.313877 0.037829 0.056327
4 0.429276 0.356735 0.026316 0.053878
4 0.205592 0.357959 0.046053 0.061225
4 0.253289 0.326122 0.042763 0.061225
4 0.240132 0.157142 0.046053 0.085714
4 0.516447 0.343265 0.046053 0.075918