0 0.683241 0.262162 0.081031 0.091892
2 0.050276 0.038821 0.065193 0.076658
2 0.065378 0.474447 0.065193 0.077150
1 0.147882 0.712531 0.068877 0.111057
0 0.507182 0.426290 0.081031 0.091892
0 0.665930 0.481327 0.081031 0.091892
0 0.523757 0.744226 0.081031 0.091892
0 0.578269 0.819902 0.081031 0.091892
0 0.366483 0.928501 0.081031 0.091892
0 0.252670 0.490663 0.081031 0.091892
0 0.248250 0.255283 0.081031 0.091892
0 0.937753 0.334889 0.081031 0.091892
0 0.489134 0.143735 0.081031 0.091892
0 0.488029 0.260934 0.071455 0.057002
0 0.289871 0.068550 0.081031 0.091892
0 0.866298 0.193366 0.081031 0.091892
0 0.778269 0.256265 0.081031 0.091892
0 0.031123 0.870762 0.061510 0.124816
0 0.041252 0.354054 0.081031 0.091892
0 0.968140 0.635135 0.063720 0.108600
0 0.093738 0.782310 0.071823 0.115971
0 0.857090 0.081081 0.047145 0.073710
4 0.169429 0.482555 0.040516 0.054054
4 0.633517 0.608600 0.072192 0.077150
4 0.906077 0.506880 0.075138 0.080098
4 0.963168 0.795086 0.073665 0.083538
4 0.359853 0.518428 0.055249 0.080590
4 0.323573 0.296560 0.048987 0.062408
4 0.681952 0.045209 0.048987 0.054054
4 0.769061 0.728501 0.072192 0.077150
