0 0.090467 0.288192 0.089249 0.168594
0 0.309939 0.228241 0.075456 0.152161
0 0.790669 0.337492 0.060852 0.101643
0 0.525963 0.290018 0.053955 0.093122
0 0.632049 0.315886 0.051116 0.102252
2 0.583773 0.243457 0.047870 0.082775
0 0.159635 0.283932 0.036917 0.055386
4 0.668560 0.692635 0.033266 0.075472
4 0.571400 0.454047 0.030426 0.037736
4 0.340974 0.417529 0.041785 0.076689
4 0.293712 0.413268 0.038134 0.060864
4 0.065720 0.574254 0.062475 0.091905
4 0.805680 0.419355 0.049493 0.071820
2 0.030832 0.225502 0.048682 0.107730
4 0.653144 0.447657 0.035700 0.050517
4 0.925761 0.643640 0.035700 0.050517
0 0.351116 0.268716 0.049899 0.082167
