0 0.871094 0.151389 0.046875 0.116667
0 0.154297 0.088889 0.033594 0.066667
0 0.303906 0.129167 0.043750 0.061111
0 0.454688 0.113194 0.040625 0.081944
0 0.503125 0.152778 0.046875 0.116667
0 0.689844 0.127778 0.048438 0.086111
0 0.326172 0.052083 0.038281 0.090278
4 0.913281 0.439583 0.051562 0.093056
4 0.393359 0.392361 0.038281 0.048611
4 0.412109 0.486806 0.042969 0.073611
4 0.579297 0.471528 0.044531 0.073611
4 0.620313 0.470139 0.043750 0.073611
4 0.727344 0.175694 0.034375 0.073611
4 0.794531 0.544444 0.042188 0.075000
4 0.247656 0.330556 0.042188 0.066667
4 0.097656 0.370833 0.042188 0.066667
4 0.209766 0.317361 0.027344 0.051389
