4 0.800987 0.402047 0.092105 0.175439
4 0.490132 0.385965 0.082237 0.137427
0 0.651316 0.709064 0.118421 0.157895
0 0.067434 0.856725 0.055921 0.078947
0 0.203947 0.730994 0.049342 0.078947
0 0.353618 0.948830 0.069079 0.093567
0 0.438322 0.888889 0.041118 0.096491
0 0.542763 0.842105 0.042763 0.067251
0 0.397204 0.744152 0.041118 0.081871
0 0.352796 0.633041 0.027961 0.070175
0 0.305099 0.628655 0.027961 0.061404
0 0.195724 0.635965 0.026316 0.052632
0 0.110197 0.637427 0.032895 0.055556
0 0.118421 0.802632 0.036184 0.081871
0 0.013980 0.929825 0.027961 0.096491
0 0.225329 0.950292 0.042763 0.084795
0 0.496711 0.804094 0.042763 0.078947
3 0.023026 0.611111 0.032895 0.078947
0 0.830592 0.937865 0.082237 0.124269
4 0.556743 0.948830 0.054276 0.087719
4 0.521382 0.934211 0.055921 0.087719