2 0.391602 0.248421 0.252434 0.214737
2 0.825194 0.897895 0.163339 0.145263
2 0.742039 0.583158 0.145521 0.130526
2 0.168867 0.795789 0.074245 0.088421
2 0.059932 0.943158 0.119865 0.113684
2 0.048589 0.716842 0.077215 0.098947
2 0.303993 0.615789 0.112853 0.103158
2 0.489606 0.788421 0.080185 0.069474
2 0.495545 0.706316 0.068306 0.048421
4 0.531183 0.405263 0.086124 0.061053
4 0.131744 0.394737 0.089094 0.086316
4 0.229748 0.797895 0.089094 0.113684
4 0.492575 0.886316 0.121762 0.088421
4 0.358934 0.807368 0.103943 0.115789
4 0.639581 0.693684 0.112853 0.098947