0 0.282471 0.519531 0.114746 0.188802
0 0.704590 0.394531 0.037109 0.045573
0 0.581299 0.351237 0.032715 0.043620
0 0.232178 0.363932 0.031738 0.045573
0 0.890869 0.405599 0.031738 0.048177
0 0.747314 0.450195 0.034668 0.044922
0 0.197021 0.430013 0.040527 0.041016
0 0.397705 0.393229 0.036621 0.052083
0 0.087402 0.429036 0.044922 0.061198
0 0.444336 0.453125 0.047852 0.063802
0 0.050049 0.594401 0.074707 0.123698
0 0.989014 0.465495 0.021973 0.074219
0 0.541992 0.446615 0.049805 0.087240
0 0.827881 0.443359 0.047363 0.083333
4 0.671143 0.772786 0.056152 0.057292
4 0.798584 0.658854 0.056152 0.057292
4 0.234619 0.967122 0.066895 0.061849
4 0.594482 0.611328 0.056152 0.057292
