0 0.535547 0.906250 0.088281 0.187500
0 0.171484 0.140278 0.096094 0.166667
0 0.955859 0.689583 0.088281 0.187500
0 0.844922 0.315972 0.088281 0.187500
0 0.194141 0.414583 0.088281 0.187500
0 0.730078 0.767361 0.088281 0.187500
0 0.523047 0.629861 0.088281 0.187500
0 0.048438 0.133333 0.095312 0.166667
0 0.307422 0.450694 0.080469 0.143056
0 0.110547 0.766667 0.092969 0.130556
0 0.835938 0.618750 0.098437 0.162500
0 0.603125 0.549306 0.082812 0.173611
0 0.291406 0.774306 0.121875 0.154167
0 0.810547 0.907639 0.105469 0.184722
4 0.337109 0.563889 0.072656 0.113889
0 0.790234 0.027778 0.086719 0.052778
0 0.969141 0.141667 0.061719 0.205556
0 0.964063 0.409028 0.071875 0.243056
0 0.015625 0.536111 0.029687 0.169444
