0 0.762500 0.283582 0.062500 0.093284
0 0.040000 0.397388 0.062500 0.093284
0 0.135937 0.383862 0.058125 0.073694
0 0.057500 0.714552 0.062500 0.093284
0 0.976250 0.375933 0.047500 0.082090
0 0.296875 0.269590 0.062500 0.093284
0 0.370000 0.275187 0.062500 0.093284
0 0.485625 0.294776 0.062500 0.093284
0 0.648125 0.319963 0.062500 0.093284
4 0.551562 0.357743 0.056875 0.107276
4 0.468438 0.375466 0.056875 0.107276
4 0.149062 0.719216 0.044375 0.087687
4 0.252188 0.349347 0.056875 0.107276
4 0.302187 0.338153 0.056875 0.107276
4 0.188125 0.443097 0.048750 0.074627
2 0.976250 0.498134 0.047500 0.093284
4 0.158125 0.450093 0.043750 0.055037
4 0.059375 0.582556 0.043750 0.055037
4 0.938750 0.592351 0.052500 0.074627
4 0.851250 0.660448 0.052500 0.074627
