0 0.094200 0.331434 0.055600 0.092981
0 0.093400 0.328434 0.055600 0.092981
0 0.846200 0.225855 0.042800 0.073785
0 0.757400 0.180864 0.049200 0.078584
0 0.523400 0.197660 0.055600 0.092981
0 0.449000 0.171266 0.055600 0.092981
0 0.419000 0.284643 0.055600 0.092981
2 0.601600 0.185063 0.037600 0.076185
1 0.644800 0.203959 0.064000 0.105579
1 0.981600 0.207558 0.034400 0.075585
0 0.953800 0.207558 0.046000 0.081584
4 0.416000 0.443611 0.035200 0.058188
4 0.851200 0.393221 0.035200 0.058188
4 0.661600 0.383023 0.035200 0.058188
