0 0.318966 0.526259 0.102982 0.175299
0 0.488816 0.297537 0.067568 0.133647
0 0.770154 0.273814 0.058947 0.127490
0 0.678239 0.436798 0.093197 0.178921
0 0.215983 0.399674 0.073625 0.158276
0 0.891542 0.846614 0.161929 0.297356
0 0.553122 0.223289 0.044268 0.076422
0 0.348322 0.187975 0.036813 0.081854
0 0.234273 0.199384 0.051491 0.112640
0 0.422530 0.242304 0.035648 0.087649
0 0.279590 0.201376 0.036813 0.089823
2 0.104846 0.255523 0.060112 0.152481
4 0.046132 0.756067 0.042870 0.104672
4 0.442801 0.427200 0.078518 0.053242
4 0.238583 0.761862 0.079683 0.101050
4 0.082246 0.897139 0.063840 0.108656
4 0.540890 0.951467 0.049161 0.084028
4 0.456198 0.572075 0.075955 0.030786
