0 0.271973 0.333578 0.061523 0.086510
0 0.632324 0.296188 0.047852 0.090909
0 0.555176 0.360704 0.051758 0.079179
0 0.180176 0.401026 0.045898 0.065982
0 0.504883 0.323314 0.042969 0.080645
2 0.767090 0.375367 0.036133 0.064516
4 0.118164 0.610704 0.031250 0.048387
4 0.226562 0.587977 0.031250 0.052786
4 0.354492 0.441349 0.031250 0.041056
4 0.395508 0.435484 0.029297 0.029326
4 0.518555 0.555718 0.027344 0.049853
0 0.373535 0.342375 0.036133 0.068915
2 0.338867 0.352639 0.035156 0.057185
0 0.458496 0.394428 0.032227 0.070381
4 0.708984 0.579179 0.031250 0.064516
4 0.462402 0.530059 0.024414 0.048387
