0 0.260547 0.394792 0.071094 0.112500
0 0.900781 0.547917 0.075000 0.102083
0 0.144922 0.464062 0.069531 0.094792
0 0.067187 0.576042 0.062500 0.104167
0 0.784375 0.505729 0.084375 0.123958
0 0.489453 0.480729 0.077344 0.115625
0 0.016406 0.452083 0.031250 0.122917
4 0.456641 0.607812 0.058594 0.067708
4 0.877734 0.650521 0.058594 0.067708
4 0.136328 0.716146 0.058594 0.067708
4 0.251953 0.726562 0.058594 0.067708
4 0.956641 0.493229 0.058594 0.094792
4 0.615234 0.976042 0.071094 0.033333
4 0.019922 0.707292 0.038281 0.058333
