0 0.257031 0.647128 0.089063 0.114889
0 0.603125 0.309496 0.045312 0.084408
0 0.555859 0.345838 0.053906 0.086753
0 0.290234 0.416178 0.046094 0.091442
0 0.580469 0.575615 0.089063 0.114889
0 0.351172 0.359906 0.044531 0.089097
0 0.091406 0.533998 0.087500 0.162954
0 0.501953 0.458382 0.057031 0.103165
0 0.133594 0.885111 0.121875 0.211020
0 0.677734 0.443142 0.036719 0.079719
0 0.777734 0.497069 0.055469 0.098476
4 0.396875 0.199297 0.051562 0.084408
4 0.521484 0.844080 0.036719 0.086753
4 0.548438 0.828253 0.035937 0.073857
4 0.302344 0.445487 0.048438 0.065651
0 0.877344 0.589097 0.051562 0.153576
