2 0.250000 0.719947 0.240132 0.437476
2 0.824836 0.603931 0.083882 0.147437
2 0.916118 0.454077 0.078947 0.166773
2 0.833882 0.260717 0.075658 0.166773
2 0.909539 0.103613 0.069079 0.113599
2 0.680921 0.119323 0.105263 0.135352
2 0.715461 0.390027 0.059211 0.130518
2 0.584704 0.518127 0.106908 0.149854
2 0.608553 0.335644 0.072368 0.113599
2 0.174342 0.150744 0.069079 0.120850
2 0.259046 0.098779 0.060855 0.094263
2 0.504934 0.081860 0.055921 0.118433
2 0.048520 0.457703 0.070724 0.140186
2 0.177632 0.027032 0.059211 0.054064
4 0.404605 0.216003 0.095395 0.154688
4 0.453947 0.735657 0.062500 0.072510
4 0.375822 0.688526 0.060855 0.113599
4 0.436678 0.468579 0.083882 0.176441
4 0.670230 0.536255 0.067434 0.176441
4 0.717105 0.521753 0.082237 0.186109
4 0.963816 0.211169 0.072368 0.198194
4 0.333882 0.075817 0.105263 0.116016
4 0.034539 0.217211 0.069079 0.157105
4 0.027961 0.077026 0.055921 0.137769
4 0.865954 0.634143 0.080592 0.125684