0 0.644211 0.830526 0.115789 0.098947
0 0.816842 0.872632 0.124211 0.136842
0 0.268421 0.372632 0.084211 0.071579
0 0.295789 0.567368 0.092632 0.090526
0 0.100000 0.780000 0.113684 0.086316
0 0.050526 0.386316 0.082105 0.077895
0 0.115789 0.466316 0.073684 0.086316
4 0.802105 0.930526 0.094737 0.122105
4 0.388421 0.770526 0.075789 0.084211
4 0.358947 0.949474 0.122105 0.101053
0 0.885263 0.676842 0.105263 0.090526
4 0.470526 0.720000 0.071579 0.117895
4 0.189474 0.613684 0.073684 0.073684
4 0.905263 0.771579 0.082105 0.124211
4 0.866316 0.340000 0.084211 0.069474