1 0.174653 0.715909 0.065972 0.131818
0 0.897222 0.339205 0.073611 0.135227
0 0.260069 0.256250 0.067361 0.105682
0 0.278125 0.497159 0.074306 0.135227
0 0.295486 0.065909 0.057639 0.097727
0 0.124653 0.780114 0.071528 0.126136
0 0.376736 0.922159 0.074306 0.135227
0 0.039931 0.882386 0.074306 0.135227
0 0.660417 0.263068 0.059722 0.103409
0 0.752083 0.273295 0.073611 0.135227
0 0.638542 0.485795 0.060417 0.112500
0 0.939583 0.644886 0.073611 0.135227
0 0.568403 0.817614 0.074306 0.135227
0 0.503125 0.428409 0.068750 0.113636
0 0.822222 0.202273 0.054167 0.084091
0 0.488194 0.140341 0.061111 0.085227
0 0.478472 0.277273 0.063889 0.093182
0 0.822222 0.072727 0.054167 0.084091
0 0.076736 0.348864 0.054861 0.084091
0 0.027083 0.292045 0.052778 0.084091
2 0.105556 0.472727 0.077778 0.120455
2 0.079514 0.053977 0.067361 0.105682
4 0.926736 0.796591 0.063194 0.088636
4 0.196181 0.483523 0.043750 0.057955
4 0.307986 0.929545 0.059028 0.077273
4 0.860069 0.517045 0.050694 0.088636
4 0.734375 0.735795 0.054861 0.073864
4 0.367708 0.532386 0.057639 0.057955
4 0.331597 0.305114 0.057639 0.057955
4 0.664931 0.044886 0.057639 0.057955
