0 0.606620 0.437895 0.128679 0.126316
0 0.882360 0.100000 0.102943 0.107368
0 0.591913 0.114737 0.088237 0.115789
0 0.363049 0.097895 0.068016 0.065263
0 0.102934 0.792632 0.073531 0.141053
0 0.554229 0.801053 0.079046 0.120000
0 0.743571 0.776842 0.104781 0.134737
2 0.110287 0.463158 0.106620 0.126316
0 0.367645 0.462105 0.117649 0.132632
0 0.098338 0.126316 0.123164 0.126316
0 0.878683 0.463158 0.132355 0.151579
4 0.449448 0.928421 0.097428 0.122105
4 0.272055 0.627368 0.073531 0.058947
4 0.473345 0.620000 0.053310 0.061053
3 0.715997 0.625263 0.075369 0.075789
3 0.969673 0.622105 0.060654 0.090526
3 0.785851 0.621053 0.045957 0.088421
4 0.680150 0.292632 0.102943 0.075789
4 0.181060 0.212632 0.042280 0.067368
4 0.031246 0.226316 0.062492 0.090526
4 0.440256 0.302105 0.082722 0.082105
4 0.272974 0.291579 0.056986 0.061053
4 0.052386 0.971579 0.104772 0.056842
4 0.645223 0.950526 0.055148 0.094737
4 0.946695 0.251579 0.106610 0.103158