0 0.726151 0.613916 0.067434 0.187807
0 0.923520 0.620073 0.074013 0.169334
0 0.125000 0.578509 0.078947 0.129310
0 0.322368 0.616994 0.075658 0.120073
0 0.504112 0.644704 0.077303 0.101600
0 0.558388 0.136702 0.057566 0.157019
0 0.762336 0.138241 0.054276 0.141625
0 0.375000 0.149017 0.052632 0.113916
0 0.184211 0.070507 0.085526 0.104679
3 0.822368 0.761698 0.046053 0.070812
3 0.874178 0.235223 0.041118 0.089285
3 0.681743 0.321430 0.044408 0.126231
3 0.611842 0.332205 0.049342 0.073891
3 0.498355 0.321430 0.052632 0.083128
3 0.398849 0.392242 0.050987 0.089285
3 0.256579 0.352218 0.055921 0.120073
3 0.106086 0.332205 0.093750 0.092364
3 0.036184 0.874074 0.072368 0.153940
3 0.202303 0.840207 0.052632 0.123152
3 0.402961 0.900244 0.049342 0.107758
3 0.671053 0.784789 0.032895 0.110837
3 0.593750 0.841747 0.062500 0.138546
3 0.451480 0.877153 0.047697 0.123152
3 0.241776 0.915638 0.065789 0.113916
3 0.347862 0.406097 0.060855 0.153940
3 0.896382 0.867917 0.042763 0.110837