2 0.259062 0.475633 0.048125 0.079663
2 0.643437 0.428772 0.048125 0.079663
2 0.401562 0.487816 0.048125 0.079663
0 0.348438 0.443768 0.045625 0.087160
0 0.190312 0.447516 0.045625 0.087160
0 0.022812 0.480319 0.044375 0.087160
0 0.873125 0.350515 0.055000 0.093721
0 0.693750 0.325211 0.055000 0.095595
0 0.089688 0.463449 0.045625 0.087160
0 0.929688 0.372540 0.045625 0.087160
0 0.985313 0.374414 0.029375 0.094658
4 0.732187 0.629335 0.053125 0.075914
4 0.094062 0.565604 0.053125 0.075914
4 0.918438 0.690253 0.053125 0.075914
4 0.431563 0.343486 0.053125 0.075914
4 0.461562 0.561856 0.053125 0.075914
4 0.649062 0.554358 0.053125 0.075914
4 0.965313 0.470947 0.053125 0.075914
4 0.294687 0.595595 0.053125 0.075914
