0 0.428302 0.320470 0.132075 0.275168
2 0.542925 0.237416 0.106604 0.213087
2 0.108962 0.277685 0.106604 0.213087
2 0.068868 0.765101 0.101887 0.208054
2 0.938679 0.348993 0.101887 0.208054
2 0.840566 0.387584 0.100000 0.204698
4 0.385849 0.640940 0.075472 0.161074
4 0.124528 0.449664 0.132075 0.144295
4 0.525000 0.784396 0.057547 0.152685
4 0.468396 0.779362 0.057547 0.152685
4 0.229717 0.744966 0.066981 0.157718
4 0.285377 0.776007 0.059434 0.145973
4 0.825472 0.798658 0.073585 0.161074
2 0.901415 0.148490 0.076415 0.132550
