0 0.891447 0.704873 0.134868 0.249900
0 0.779605 0.462853 0.131579 0.225135
0 0.526316 0.543901 0.148026 0.193616
0 0.287829 0.744272 0.200658 0.243146
0 0.180099 0.366045 0.129934 0.220632
0 0.094572 0.630578 0.152961 0.263408
0 0.612664 0.212953 0.146382 0.202622
0 0.344572 0.211827 0.090461 0.150841
4 0.601151 0.592305 0.070724 0.249900
4 0.115954 0.391935 0.097039 0.177857
4 0.763158 0.671103 0.121711 0.155343
2 0.446546 0.164549 0.116776 0.186862
2 0.707237 0.210701 0.108553 0.148589
2 0.045230 0.205073 0.090461 0.213878
2 0.240132 0.180308 0.125000 0.150841