2 0.130000 0.893961 0.071429 0.105337
2 0.114857 0.113296 0.052000 0.073034
2 0.553286 0.484785 0.051143 0.074438
2 0.063000 0.278090 0.043714 0.063670
2 0.768286 0.795646 0.052571 0.072566
2 0.559000 0.667135 0.049429 0.073034
2 0.733286 0.661517 0.048857 0.068352
2 0.645429 0.722144 0.043429 0.066011
2 0.467857 0.657772 0.036857 0.062734
2 0.211714 0.258427 0.049143 0.073034
2 0.210143 0.384597 0.050000 0.065075
2 0.596571 0.715356 0.043429 0.059925
2 0.640143 0.345037 0.051143 0.076779
2 0.638143 0.943820 0.061429 0.072097
2 0.489714 0.928137 0.071429 0.105337
2 0.043000 0.561096 0.059714 0.095037
2 0.037429 0.674391 0.071429 0.105337
2 0.170286 0.521301 0.071429 0.105337
2 0.150857 0.682350 0.071429 0.105337
2 0.477286 0.346910 0.043714 0.061798
2 0.748000 0.529260 0.054857 0.078184
2 0.205286 0.117041 0.037429 0.065543
2 0.054429 0.426030 0.051714 0.073970
2 0.652857 0.535815 0.049714 0.075375
2 0.433000 0.576077 0.051143 0.070693
2 0.457143 0.394897 0.038857 0.055712
2 0.585000 0.244850 0.043714 0.061798
2 0.395000 0.115169 0.043714 0.061798
2 0.709857 0.268258 0.043714 0.061798
2 0.768714 0.425562 0.043714 0.061798
2 0.697000 0.356273 0.043714 0.061798
2 0.549286 0.223315 0.043714 0.061798
2 0.565286 0.388109 0.043714 0.061798
2 0.580143 0.106273 0.043714 0.061798
2 0.811857 0.957865 0.043714 0.061798
2 0.236143 0.041667 0.043714 0.061798
2 0.728429 0.421348 0.043714 0.061798
2 0.636143 0.244850 0.043714 0.061798
2 0.622429 0.156367 0.043714 0.061798
2 0.457571 0.204120 0.043714 0.061798
2 0.453286 0.134831 0.043714 0.061798
2 0.456429 0.481273 0.043714 0.061798
0 0.518857 0.092228 0.044000 0.077715
0 0.518286 0.442416 0.044000 0.077715
2 0.096857 0.230337 0.049143 0.073034
2 0.721143 0.172753 0.049143 0.073034
2 0.718286 0.078184 0.049143 0.073034
2 0.657143 0.058052 0.049143 0.073034
0 0.433143 0.293071 0.044000 0.077715
2 0.471143 0.828418 0.043429 0.066011
0 0.702857 0.977060 0.042857 0.044944
