3 0.748291 0.615717 0.035645 0.087960
3 0.401611 0.561283 0.054199 0.080029
3 0.603516 0.510815 0.041992 0.077145
3 0.631104 0.550469 0.031738 0.072819
3 0.035889 0.567051 0.031738 0.072819
0 0.409912 0.247657 0.057129 0.100216
0 0.908936 0.179164 0.057129 0.100216
0 0.203369 0.236121 0.057129 0.100216
0 0.148682 0.233958 0.057129 0.100216
0 0.748535 0.257030 0.053711 0.077145
0 0.809814 0.290916 0.057129 0.100216
0 0.615967 0.249099 0.057129 0.100216
0 0.494385 0.269286 0.057129 0.100216
0 0.700928 0.311824 0.057129 0.100216
0 0.337158 0.246936 0.057129 0.100216
4 0.914307 0.553713 0.046387 0.096611
