0 0.805921 0.407484 0.072368 0.108553
0 0.737664 0.403783 0.070724 0.106086
0 0.666118 0.480263 0.072368 0.120888
0 0.587171 0.553043 0.082237 0.128289
0 0.465461 0.398849 0.085526 0.160362
0 0.176809 0.453125 0.064145 0.111020
0 0.270559 0.511102 0.054276 0.103618
0 0.340461 0.514803 0.049342 0.086349
4 0.735197 0.861431 0.052632 0.098684
4 0.892270 0.807155 0.054276 0.083882
4 0.802632 0.796053 0.069079 0.076480
4 0.294408 0.930510 0.085526 0.083882
4 0.195724 0.936678 0.072368 0.091283
4 0.408717 0.574013 0.047697 0.096217