0 0.248355 0.555556 0.092105 0.149123
0 0.456414 0.621345 0.087171 0.146199
0 0.870066 0.587719 0.078947 0.149123
0 0.677632 0.565789 0.075658 0.134503
0 0.584704 0.440058 0.044408 0.070175
0 0.356086 0.423977 0.041118 0.073099
0 0.414474 0.358187 0.029605 0.058480
0 0.837171 0.377193 0.032895 0.061404
0 0.927632 0.374269 0.046053 0.061404
0 0.891447 0.426901 0.042763 0.090643
0 0.449013 0.428363 0.026316 0.046784
4 0.368421 0.767544 0.055921 0.122807
4 0.129112 0.830409 0.057566 0.108187
0 0.166941 0.448830 0.044408 0.099415
0 0.040296 0.602339 0.080592 0.137427