1 0.378061 0.324275 0.039796 0.079710
0 0.136224 0.102355 0.074490 0.143116
0 0.409694 0.135870 0.054082 0.115942
0 0.660204 0.220109 0.042857 0.103261
0 0.820918 0.246377 0.047959 0.083333
0 0.268878 0.324275 0.047959 0.086957
0 0.022449 0.243659 0.038776 0.081522
0 0.525000 0.168478 0.050000 0.083333
0 0.892347 0.270833 0.041837 0.096014
0 0.933673 0.258152 0.042857 0.092391
0 0.707143 0.217391 0.046939 0.130435
4 0.697449 0.549819 0.039796 0.103261
4 0.225000 0.577899 0.056122 0.105072
4 0.440816 0.168478 0.044898 0.076087
4 0.489796 0.235507 0.042857 0.094203
4 0.724490 0.485507 0.026531 0.076087
4 0.271429 0.377717 0.026531 0.067029
4 0.876531 0.506341 0.024490 0.059783
4 0.491837 0.558877 0.018367 0.096014
4 0.612755 0.471014 0.021429 0.076087
4 0.875510 0.282609 0.022449 0.050725
4 0.933163 0.422101 0.027551 0.072464
0 0.772959 0.293478 0.023469 0.068841
0 0.586735 0.245471 0.038776 0.099638
