0 0.478095 0.503571 0.078095 0.130000
0 0.211429 0.808571 0.133333 0.242857
0 0.114286 0.562143 0.123810 0.187143
0 0.620952 0.397857 0.078095 0.130000
0 0.775714 0.350714 0.056190 0.092857
0 0.317619 0.481429 0.069524 0.114286
0 0.766190 0.601429 0.096190 0.137143
0 0.862857 0.875714 0.152381 0.205714
0 0.308095 0.343571 0.056190 0.075714
0 0.238571 0.472857 0.044762 0.091429
0 0.951429 0.449286 0.059048 0.084286
0 0.959048 0.665714 0.081905 0.328571
0 0.418095 0.377143 0.047619 0.100000
4 0.366667 0.644286 0.038095 0.105714
4 0.526667 0.872857 0.064762 0.094286
