2 0.824013 0.204934 0.065789 0.087664
2 0.748355 0.456168 0.052632 0.085526
2 0.676809 0.218832 0.070724 0.076974
2 0.536184 0.225247 0.059211 0.094079
2 0.418586 0.244490 0.064145 0.085526
2 0.287007 0.369572 0.074013 0.104770
2 0.271382 0.176069 0.059211 0.094079
2 0.502467 0.535280 0.074013 0.115461
2 0.471217 0.383470 0.057566 0.081250
3 0.285362 0.528865 0.064145 0.081250
3 0.570724 0.655016 0.069079 0.076974
3 0.425987 0.657155 0.065789 0.102632
3 0.388980 0.509622 0.064145 0.064145
3 0.106908 0.506414 0.078947 0.087664
3 0.207237 0.239145 0.046053 0.096217
3 0.879934 0.383470 0.085526 0.098355
3 0.771382 0.369572 0.055921 0.066283
3 0.708059 0.318257 0.060855 0.074836
3 0.580592 0.339638 0.062500 0.066283
3 0.606908 0.514967 0.059211 0.083388
3 0.729441 0.527796 0.060855 0.083388
3 0.556743 0.502138 0.041118 0.100493