2 0.102273 0.465267 0.068182 0.132472
0 0.641364 0.479806 0.057273 0.109855
0 0.566818 0.899838 0.062727 0.126010
1 0.168636 0.756866 0.050000 0.121163
0 0.046818 0.930533 0.071818 0.138934
0 0.125000 0.847334 0.077273 0.166397
0 0.262727 0.210016 0.052727 0.119548
0 0.500455 0.404685 0.059091 0.150242
0 0.752273 0.218094 0.066364 0.135703
0 0.660455 0.214863 0.057273 0.142165
0 0.936818 0.655897 0.071818 0.161551
0 0.077727 0.312601 0.064545 0.114701
0 0.490000 0.217286 0.072727 0.143780
0 0.820455 0.113893 0.057273 0.114701
0 0.895000 0.286753 0.075455 0.156704
0 0.509091 0.785137 0.072727 0.129241
0 0.279545 0.487884 0.086364 0.129241
0 0.499091 0.053312 0.087273 0.087237
4 0.925000 0.866721 0.053636 0.092084
4 0.368636 0.540388 0.037273 0.079160
4 0.194091 0.487884 0.039091 0.061389
4 0.740455 0.782714 0.048182 0.092084
4 0.625909 0.629241 0.060909 0.069467
4 0.334091 0.257674 0.039091 0.079160
4 0.863636 0.520194 0.074545 0.077544
