0 0.120066 0.396537 0.157895 0.194609
0 0.459704 0.604695 0.123355 0.206926
0 0.775493 0.150196 0.077303 0.125634
0 0.643914 0.557890 0.100329 0.162585
0 0.905428 0.530793 0.064145 0.123170
0 0.954770 0.784523 0.057566 0.108390
0 0.861020 0.775902 0.110197 0.145341
0 0.558388 0.597305 0.080592 0.147804
0 0.369243 0.637951 0.057566 0.174902
4 0.636513 0.876901 0.131579 0.120707
4 0.704770 0.291842 0.087171 0.103463
4 0.902138 0.881828 0.060855 0.105926
4 0.845395 0.821475 0.049342 0.133024
4 0.373355 0.952615 0.121711 0.094770