0 0.395559 0.388201 0.103618 0.094146
0 0.820724 0.436451 0.092105 0.091793
0 0.977796 0.279933 0.044408 0.112976
0 0.038651 0.379963 0.067434 0.091793
0 0.247533 0.475287 0.080592 0.122390
0 0.151316 0.351719 0.069079 0.096500
0 0.278783 0.349366 0.060855 0.087085
0 0.593750 0.321122 0.075658 0.072963
0 0.212171 0.243451 0.046053 0.120037
2 0.609375 0.398793 0.054276 0.105915
2 0.452303 0.269341 0.049342 0.063549
2 0.445724 0.170488 0.042763 0.068256
4 0.238487 0.118707 0.055921 0.077671
4 0.769737 0.458811 0.065789 0.089439
4 0.902961 0.222268 0.065789 0.124744
4 0.149671 0.695354 0.065789 0.091793
4 0.347862 0.727128 0.070724 0.127098
4 0.458059 0.394085 0.064145 0.082378
4 0.021382 0.704768 0.042763 0.115329
3 0.723684 0.243451 0.049342 0.082378
0 0.784539 0.236390 0.042763 0.072963
0 0.822368 0.292878 0.049342 0.068256