0 0.084704 0.718910 0.047697 0.089048
0 0.794408 0.921741 0.069079 0.079154
0 0.970395 0.691701 0.059211 0.108836
1 0.842105 0.814142 0.072368 0.106363
0 0.300987 0.707779 0.062500 0.081627
0 0.377467 0.943556 0.070724 0.112889
0 0.553454 0.817852 0.074013 0.128625
0 0.225329 0.814142 0.069079 0.091522
0 0.129112 0.871033 0.067434 0.111310
0 0.161184 0.603889 0.059211 0.091522
0 0.028783 0.628625 0.037829 0.086574
0 0.467928 0.767144 0.057566 0.086574
0 0.681743 0.958397 0.077303 0.083206
0 0.210526 0.691701 0.052632 0.059365
0 0.722039 0.689227 0.052632 0.069260
0 0.282072 0.832693 0.060855 0.084101
0 0.526316 0.692937 0.069079 0.106363
0 0.943257 0.963344 0.080592 0.073312
0 0.867599 0.900716 0.050987 0.081627
0 0.065789 0.969528 0.082237 0.060944