0 0.249178 0.675439 0.064145 0.123355
0 0.337171 0.575384 0.055921 0.104167
0 0.421053 0.728893 0.059211 0.109649
0 0.489309 0.557566 0.060855 0.123355
0 0.689145 0.689145 0.046053 0.123355
0 0.618421 0.568531 0.055921 0.128838
0 0.821546 0.738487 0.050987 0.106908
0 0.893092 0.602796 0.065789 0.109649
0 0.958882 0.667215 0.055921 0.128838
0 0.180099 0.558936 0.070724 0.126096
0 0.052632 0.594572 0.062500 0.115132
0 0.097039 0.733004 0.065789 0.134320
0 0.546053 0.628838 0.078947 0.134320
0 0.750000 0.648026 0.069079 0.161732