4 0.486020 0.488019 0.060855 0.116815
4 0.791941 0.651261 0.064145 0.167735
4 0.617599 0.565896 0.064145 0.086863
4 0.878289 0.222938 0.042763 0.113820
4 0.619243 0.393668 0.044408 0.089858
4 0.556743 0.520967 0.041118 0.080872
4 0.375822 0.273858 0.037829 0.107830
4 0.231086 0.302313 0.037829 0.074882
4 0.136513 0.389175 0.039474 0.080872
0 0.597862 0.657251 0.083882 0.131792
0 0.949836 0.744114 0.064145 0.215659
0 0.878289 0.528455 0.059211 0.119811
0 0.321546 0.480531 0.054276 0.095848
0 0.421053 0.416133 0.042763 0.074882
0 0.033717 0.470047 0.054276 0.128796
0 0.726974 0.561403 0.065789 0.077877
0 0.101974 0.480531 0.032895 0.083867