2 0.363000 0.254873 0.044000 0.074963
2 0.235000 0.223388 0.044000 0.074963
2 0.022500 0.200900 0.043000 0.074963
2 0.723000 0.152924 0.044000 0.074963
2 0.194000 0.296852 0.044000 0.074963
2 0.602000 0.215892 0.044000 0.074963
1 0.474500 0.197901 0.071000 0.101949
0 0.842000 0.164168 0.066000 0.091454
1 0.937500 0.293853 0.071000 0.101949
0 0.645000 0.188156 0.066000 0.091454
0 0.706500 0.288606 0.055000 0.073463
1 0.119500 0.278861 0.071000 0.101949
0 0.095500 0.188156 0.063000 0.067466
4 0.538000 0.404798 0.056000 0.053973
4 0.787000 0.403298 0.056000 0.053973
4 0.952500 0.584708 0.057000 0.083958
4 0.187500 0.478261 0.057000 0.083958
4 0.382000 0.665667 0.034000 0.056972
