3 0.825000 0.150833 0.035000 0.048333
0 0.186875 0.570000 0.053750 0.076667
0 0.218750 0.825000 0.060000 0.086667
0 0.090625 0.823333 0.061250 0.086667
0 0.570000 0.490833 0.055000 0.061667
0 0.468750 0.464167 0.055000 0.061667
0 0.793750 0.767500 0.057500 0.075000
0 0.545000 0.673333 0.055000 0.080000
0 0.405000 0.642500 0.055000 0.061667
0 0.329375 0.854167 0.061250 0.098333
0 0.373750 0.207500 0.042500 0.068333
0 0.014375 0.538333 0.026250 0.096667
0 0.020625 0.395000 0.038750 0.050000
0 0.743125 0.069167 0.043750 0.051667
0 0.477500 0.254167 0.055000 0.061667
0 0.132500 0.387500 0.055000 0.061667
0 0.810000 0.319167 0.055000 0.061667
0 0.723750 0.307500 0.055000 0.061667
0 0.537500 0.250833 0.055000 0.061667
0 0.120000 0.568333 0.057500 0.093333
0 0.843750 0.510833 0.055000 0.061667
0 0.342500 0.422500 0.055000 0.061667
0 0.643125 0.062500 0.043750 0.051667
0 0.568125 0.149167 0.043750 0.051667
0 0.481875 0.120833 0.043750 0.051667
0 0.445625 0.057500 0.036250 0.045000
0 0.515625 0.055833 0.036250 0.045000
0 0.599375 0.023333 0.036250 0.043333
0 0.288750 0.234167 0.042500 0.068333
0 0.086250 0.204167 0.042500 0.068333
0 0.021250 0.195833 0.040000 0.068333
0 0.227500 0.589167 0.042500 0.068333
0 0.504375 0.900000 0.053750 0.093333
0 0.265625 0.435000 0.046250 0.070000
0 0.980625 0.566667 0.038750 0.073333
0 0.900625 0.193333 0.041250 0.066667
0 0.984375 0.206667 0.031250 0.070000
0 0.177500 0.201667 0.037500 0.060000
0 0.117500 0.106667 0.037500 0.060000
0 0.207500 0.140833 0.030000 0.051667
0 0.178750 0.047500 0.030000 0.051667
0 0.292500 0.032500 0.030000 0.051667
0 0.382500 0.037500 0.030000 0.051667
0 0.333750 0.142500 0.030000 0.051667
0 0.015625 0.094167 0.028750 0.051667
0 0.111250 0.026667 0.030000 0.050000
0 0.718750 0.498333 0.052500 0.076667
0 0.957500 0.829167 0.067500 0.078333
0 0.665000 0.654167 0.067500 0.078333
0 0.649375 0.300833 0.058750 0.061667
0 0.813125 0.054167 0.058750 0.061667
4 0.761250 0.793333 0.040000 0.070000
4 0.021250 0.856667 0.040000 0.056667
